34410070792,200000
34443625736,-1000
2199074111752,-2800
4398130921736,-2800
34460403208,-1000
1099562484232,-100000
4398147699208,-1000
70368828065032,-1000
140737538687752,200000
2199073620232,200000
1099561992712,200000
70368794510088,200000
35184422421256,200000
2199073603848,-2800
1099561976328,-100000
1124074248,200000
620758280,-2000
637535752,200000
1157629192,-1000
1174406664,200000
587203336,200000
140737572242696,-1000
140737589020168,200000
4398147207688,200000
70368844842504,200000
35184472753672,200000
4398147191304,-1000
4398147183112,-1000
4398130430216,200000
35184455976200,-1000
4398130413832,-2800
4398130405640,-2800
2231371016,-2800
2248148488,200000
1099561968136,-100000
2199073595656,-2800
2199073653000,-2800
4398130462984,-2800
4395632136,200000
4398147240456,-1000
8673821960,0
4398130528520,-2800
1099562091016,-100000
4398147305992,-1000
17230201608,200000
2199073849608,-2800
1099562222088,-100000
4398130397464,200000
2199073587480,200000
4398147174936,200000
4398148223496,-1000
1099561959960,200000
1099595514904,200000
2199123919896,200000
4398131446024,-2800
68820141576,200000
68769809160,200000
68803364104,-1000
2199074636040,-2800
1099563008520,-100000
4398130397480,200000
2199073587496,200000
1099561959976,200000
4398147174952,200000
4398149272072,-1000
1099595514920,200000
2199123919912,200000
4398132494600,-2800
137539618312,200000
137489285896,200000
137522840840,-1000
2199075684616,-2800
1099564057096,-100000
4398130397512,-2800
2199073587528,-1000
1099561960008,-100000
4398147174984,-1000
4398151369224,-1000
1099595514952,-2800
2199123919944,-1000
4398134591752,-2800
274978571784,200000
274928239368,200000
274961794312,-1000
2199077781768,-2800
1099566154248,-100000
549839701256,-1000
2199073587592,-1000
4398130397576,-2800
1099561960072,-1000
549806146312,-2800
2199081976072,-2800
4398138786056,-2800
549856478728,200000
4398155563528,-1000
1099570348552,-100000
34410078728,-2800
34410086920,-2800
34410103304,200000
140737539211784,-5600
70368795034120,-2800
35184422945288,-2800
1124598280,-2800
587727368,-2800
34410136072,-2800
4345823752,-100000
34410201608,-2800
34410332680,-2800
17230725640,-2800
137522840616,200000
2199074635800,200000
4398131445784,200000
274961794120,-1000
1099595515144,-1000
2199107143176,200000
8796176911368,200000
17592269935624,-1000
68769808920,200000
68803363864,200000
549814534664,-2800
137489285672,200000
2199075684392,200000
274932433416,-2800
137491382792,-2800
2199077781576,200000
4398132494376,200000
4398134591560,200000
4398147175176,200000
318771720,-2800
1124082184,-2800
1124106760,200000
587211272,-2800
352326664,-1000
587219464,-2800
587235848,200000
1124090376,-2800
2199123920136,-1000
1099612292616,200000
274928239176,-1000
549806146184,-1000
1099561960200,200000
4398096844296,200000
8796143356424,200000
17592236380680,-2800
140737538695688,-5600
35184422453768,200000
140737538703880,-5600
4345365000,-2800
17230463496,-2800
34410594824,-2800
68770857480,-2800
70368794542600,200000
70368794518024,-2800
35184422429192,-2800
70368794526216,-2800
35184422437384,-2800
140737538720264,200000
4345307656,-100000
4345315848,-100000
4345332232,-100000
140737538753032,-2800
70368794575368,-2800
35184422486536,-2800
1124139528,-2800
587268616,0
140737538818568,-2800
70368794640904,-2800
35184422552072,-2800
1124205064,-2800
587334152,-2800
4345430536,-100000
17230209544,-2800
17230217736,-2800
17230234120,200000
140737538949640,-5600
70368794771976,-2800
35184422683144,-2800
1124336136,-2800
587465224,-2800
17230266888,-2800
4345561608,-100000
17230332424,-2800
4398130921496,200000
2199074111512,200000
34410070552,200000
34443625496,200000
68770333192,-2800
34411119112,-2800
70368828064792,200000
35184455975960,200000
587203096,-2800
588251656,-2800
1124074008,200000
620758040,-2800
1157628952,200000
1125122568,-2800
140737538687512,200000
2199073619992,200000
68769841672,200000
4398130413592,200000
4398130405400,200000
140737539736072,-5600
70368795558408,-2800
35184423469576,-2800
140737572242456,200000
4398130429976,200000
70368794509848,200000
35184422421016,200000
2199073603608,200000
68769825288,-2800
2199073595416,200000
2231370776,200000
68769817096,-2800
4398130462744,200000
2199073652760,200000
4345299480,200000
4378854424,200000
68769874440,-2800
4346348040,-100000
4398130528280,200000
8673821720,200000
68769939976,-2800
2199073849368,200000
17230201368,200000
68770071048,-2800
17231249928,-2800
34410070568,200000
34443625512,200000
2199074111528,200000
4398130921512,200000
137489809928,-2800
34412167688,-2800
140737538687528,200000
70368828064808,200000
70368794509864,200000
2199073620008,200000
137489318408,200000
35184455975976,200000
4398130413608,200000
4398130405416,200000
140737540784648,-5600
70368796606984,-2800
35184422421032,200000
2199073603624,200000
137489302024,-2800
2199073595432,200000
2231370792,200000
1124074024,200000
1157628968,200000
1126171144,-2800
140737572242472,200000
589300232,-2800
4398130429992,200000
4345299496,200000
4378854440,200000
2199073652776,200000
4398130462760,200000
137489351176,-2800
4347396616,-100000
8673821736,200000
4398130528296,200000
137489416712,-2800
17230201384,200000
2199073849384,200000
137489547784,-2800
17232298504,-2800
68803363880,200000
4398132494360,200000
4398131445800,200000
4398130397240,-1000
2199075684376,200000
68771906056,-2800
2199073587256,-2000
137489285656,200000
137522840600,200000
68769808936,200000
2199074635816,200000
137490334216,-2800
34410070600,-1000
34443625544,-1000
2199074111560,-3800
4398130921544,-2800
274928763400,-2800
34414264840,-2800
70368794509896,-1000
70368828064840,-1000
140737538687560,-3800
2199073620040,-3800
274928271880,200000
35184422421064,-1000
2199073603656,200000
2199073595464,-3800
2231370824,-2800
274928247304,-2800
587203144,-2800
620758088,-1000
591397384,-2800
1128268296,-2800
140737572242504,-2000
4398130430024,-2800
35184455976008,-1000
4398130413640,200000
4398130405448,-2800
140737542881800,-5600
35184426615304,-2800
4345299528,-100000
4378854472,-2800
2199073652808,-1000
4398130462792,-2800
274928304648,-2800
4349493768,-100000
8673821768,-2000
4398130528328,-2800
274928370184,-2800
17230201416,-1000
2199073849416,-3800
274928501256,-2800
17234395656,-2800
68803363912,-1000
4398134591512,200000
4398131445832,-2800
4398130397272,200000
2199077781528,200000
68774003208,-2800
2199073587288,200000
274928239128,200000
274961794072,200000
68769808968,-1000
2199074635848,-3800
274929287688,-2800
2199077781544,200000
2199073587304,200000
4398130397288,200000
274928239144,200000
274961794088,200000
4398134591528,200000
4398132494408,-2800
137489285704,-1000
137522840648,-1000
2199075684424,-3800
137493479944,-2800
274930336264,-2800
34410070664,800
2199074111624,-2000
4398130921608,-2800
549806670344,-2800
34418459144,-2800
70368794509960,-1000
140737538687624,-1000
35184430809608,-2800
35184422421128,800
549806162440,-2800
2199073595528,-2000
549806154248,-2800
1124074120,-1000
595591688,-2800
1132462600,-2800
587203208,0
4398130405512,-2800
70368802898440,-2800
4345299592,-2800
2199073652872,-1000
4398130462856,-2800
549806211592,-2800
4353688072,-100000
4398130528392,-2800
549806277128,-2800
17230201480,800
549806408200,-2800
17238589960,-2800
2199081975832,200000
4398130397336,200000
4398138785816,200000
2199073587352,200000
549806146072,200000
549839701016,200000
68769809032,-1000
2199074635912,-2000
68778197512,-2800
549807194632,-2800
4398131445896,-2800
2199075684488,-1000
2199073587368,200000
4398130397352,200000
549806146088,200000
549839701032,200000
2199081975848,200000
137497674248,-2800
4398138785832,200000
137489285768,800
549808243208,-2800
4398132494472,-2800
549806146120,-1000
549839701064,-1000
2199081975880,-1000
4398138785864,-2800
274928239240,-1000
549810340360,-2800
274936627720,-2800
34410078472,-2800
34410086664,-2800
34410103048,200000
140737539211528,-2800
70368795033864,-2800
35184422945032,-2800
1124598024,-2800
587727112,0
34410135816,-2800
34410201352,-2800
8640790792,-2800
34410332424,-2800
17230725384,-2800
1099563008024,200000
137539617832,200000
4398148223000,200000
274978571336,-1000
1099612292360,-1000
2199123920392,200000
8796193688584,200000
17592286712840,-1000
68769808664,200000
68820141080,200000
4398130397960,200000
2199107142920,-2000
549814534408,-2800
1099595515400,200000
137489285416,200000
1099564056616,200000
274932433160,-2800
137491382536,-2800
1099566153800,200000
4398149271592,200000
4398151368776,200000
318771464,-2800
369103880,-1000
1124081928,-2800
1124106504,200000
1124090120,-2800
587219208,0
587235592,200000
587211016,0
274928238920,-1000
549806145928,-1000
2199073587976,200000
4398096844040,-2800
8796143356168,-2800
17592236380424,-2800
140737538695432,-2800
35184422453512,200000
140737538703624,-2800
8640397576,-2800
17230463240,-2800
34410594568,-2800
68770857224,-2800
70368794542344,200000
70368794517768,-2800
35184422428936,-2800
70368794525960,-2800
35184422437128,-2800
140737538720008,200000
140737538752776,-2800
70368794575112,-2800
35184422486280,-2800
1124139272,-2800
587268360,0
8640274696,-2800
8640282888,-2800
8640299272,-2800
140737538818312,-2800
70368794640648,-2800
35184422551816,-2800
1124204808,-2800
587333896,0
8640332040,-2800
17230209288,-2800
17230217480,-2800
17230233864,200000
140737538949384,-2800
70368794771720,-2800
35184422682888,-2800
1124335880,-2800
587464968,0
17230266632,-2800
17230332168,-2800
8640528648,-2800
4398147698712,200000
1099562483736,200000
34410070296,200000
34460402712,200000
68770332936,-2800
34411118856,-2800
70368844842008,200000
35184472753176,200000
587202840,0
588251400,0
1124073752,200000
637535256,0
1174406168,200000
1125122312,-2800
140737538687256,200000
1099561992216,200000
68769841416,200000
4398147190808,200000
4398147182616,200000
140737539735816,-2800
70368795558152,-2800
35184423469320,-2800
140737589019672,200000
4398147207192,200000
70368794509592,200000
35184422420760,200000
1099561975832,200000
68769825032,-2800
1099561967640,200000
2248147992,200000
68769816840,-2800
4398147239960,200000
4395631640,200000
68769874184,-2800
4398147305496,200000
1099562090520,200000
8640266520,200000
8690598936,200000
68769939720,-2800
8641315080,-2800
17230201112,200000
1099562221592,200000
68770070792,-2800
17231249672,-2800
34410070312,200000
34460402728,200000
1099562483752,200000
4398147698728,200000
137489809672,-2800
34412167432,-2800
140737538687272,200000
70368844842024,200000
70368794509608,200000
1099561992232,200000
137489318152,200000
35184472753192,200000
4398147190824,200000
4398147182632,200000
140737540784392,-2800
70368796606728,-2800
35184422420776,200000
1099561975848,200000
137489301768,-2800
1099561967656,200000
2248148008,200000
1124073768,200000
1174406184,200000
1126170888,-2800
140737589019688,200000
589299976,0
4398147207208,200000
4395631656,200000
4398147239976,200000
137489350920,-2800
8640266536,200000
8690598952,200000
1099562090536,200000
4398147305512,200000
137489416456,-2800
8642363656,-2800
17230201128,200000
1099562221608,200000
137489547528,-2800
17232298248,-2800
68820141096,200000
4398149271576,200000
4398148223016,200000
1099564056600,200000
68771905800,-2800
4398147174456,-1000
137489285400,200000
1099561959480,-100000
137539617816,200000
68769808680,200000
1099563008040,200000
137490333960,-2800
34410070344,-1000
34460402760,-1000
1099562483784,-100000
4398147698760,-2800
274928763144,-2800
34414264584,-2800
70368794509640,-1000
70368844842056,-1000
140737538687304,-1000
1099561992264,-100000
274928271624,200000
35184422420808,-1000
1099561975880,200000
1099561967688,-100000
2248148040,-2800
274928247048,-2800
587202888,0
637535304,0
591397128,0
1128268040,-2800
140737589019720,-1000
4398147207240,-2800
35184472753224,-1000
4398147190856,200000
4398147182664,-2800
140737542881544,-2800
35184426615048,-2800
4395631688,-1000
4398147240008,-2800
274928304392,-2800
8640266568,-1000
8690598984,-1000
1099562090568,-100000
4398147305544,-2800
274928369928,-2800
8644460808,-2800
17230201160,-1000
1099562221640,-100000
274928501000,-2800
17234395400,-2800
68820141128,-1000
4398151368728,200000
4398148223048,-2800
1099566153752,200000
68774002952,-2800
4398147174488,200000
274928238872,200000
1099561959512,200000
274978571288,200000
68769808712,-1000
1099563008072,-100000
274929287432,-2800
1099566153768,200000
1099561959528,200000
4398147174504,200000
274928238888,200000
274978571304,200000
4398151368744,200000
4398149271624,-2800
137489285448,-1000
137539617864,-1000
1099564056648,-100000
137493479688,-2800
274930336008,-2800
34410070408,800
1099562483848,-2800
4398147698824,-2800
549806670088,-2800
34418458888,-2800
70368794509704,-1000
140737538687368,-1000
35184422420872,800
1099561967752,-2800
1124073864,-1000
595591432,0
1132462344,-2800
587202952,0
549806153992,-2800
549806162184,-2800
70368802898184,-2800
35184430809352,-2800
4398147240072,-2800
549806211336,-2800
8640266632,-1000
1099562090632,-2800
549806276872,-2800
8648655112,-2800
17230201224,800
549806407944,-2800
17238589704,-2800
1099570348056,200000
4398147174552,200000
4398155563032,200000
1099561959576,200000
549806145816,200000
549856478232,200000
68769808776,-1000
1099563008136,-2800
68778197256,-2800
549807194376,-2800
4398148223112,-2800
1099564056712,-2800
1099561959592,200000
549806145832,200000
549856478248,200000
1099570348072,200000
4398155563048,200000
137489285512,800
549808242952,-2800
137497673992,-2800
549806145864,-1000
549856478280,-1000
1099570348104,-100000
4398155563080,-2800
274928238984,-1000
549810340104,-2800
274936627464,-2800
34411118616,200000
137489809448,200000
68770332696,200000
34412167208,200000
274928762952,-1000
34414264392,200000
549806669960,-2000
34460402952,-1000
34443625992,-1000
4398130921992,-1000
4398147698952,-2800
1099562483976,-2800
2199074112008,-5600
140737540784168,200000
68769841176,200000
70368795557912,200000
140737539735576,200000
35184426614856,200000
140737542881352,200000
70368796606504,200000
35184423469080,200000
1099561992456,200000
2199073620488,200000
588251160,200000
140737589019912,-1000
70368844842248,-1000
4398147207432,200000
4398147191048,-2800
35184472753416,-1000
4398147182856,-2800
140737572242952,200000
70368828065288,200000
4398130430472,200000
4398130414088,-1000
35184455976456,200000
4398130405896,-1000
1125122072,200000
637535496,0
620758536,200000
1174406408,-1000
1157629448,200000
591396936,200000
68769816600,200000
2248148232,-1000
2231371272,200000
68769824792,200000
274928246856,-1000
549806153864,-2000
1099561967880,-2800
2199073595912,-5600
137489317928,200000
274928271432,-1000
137489301544,200000
1099561976072,-2800
2199073604104,-5600
4346347544,200000
68769873944,200000
137489350696,200000
4347396136,200000
274928304200,-1000
4349493320,200000
549806211208,-1000
2199073653256,-2800
4398147240200,200000
4378854920,200000
4398130463240,-1000
8641314840,200000
137489416232,200000
68769939480,200000
8642363432,200000
274928369736,-1000
8644460616,200000
549806276744,-1000
8690599176,-1000
4398130528776,-1000
4398147305736,-2800
1099562090760,-2800
68770070552,200000
17231249432,200000
137489547304,200000
17232298024,200000
274928500808,-1000
17234395208,200000
1099562221832,-2800
2199073849864,-5600
140737539211288,200000
35184422944792,200000
1124597784,200000
70368795033624,200000
587726872,-2800
34410078232,200000
34410086424,200000
34410102808,200000
34410135576,200000
4345823256,200000
34410201112,200000
8640790552,200000
34410332184,200000
17230725144,200000
274932432920,200000
549814534168,200000
68803364360,200000
4345364504,200000
68770856984,200000
68774002760,200000
2199107142680,200000
4398130397720,200000
4398131446280,-1000
4398147174680,200000
1124081688,200000
1124106264,200000
587210776,-2800
4398148223240,-2800
1124089880,200000
587235352,-2800
587218968,-2800
1099612292120,200000
68820141320,-1000
137491382296,200000
137490333736,200000
68771905576,200000
2199074636296,-5600
549807194248,-2000
1099563008264,-2800
274929287240,-1000
34410594328,200000
8640397336,200000
17230463000,200000
137489285176,800
274928238680,200000
549806145688,200000
1099561959704,200000
2199073587736,200000
4398096843800,200000
70368794517528,200000
35184422436888,200000
35184422453272,200000
140737538695192,200000
140737538703384,200000
70368794542104,200000
8796143355928,200000
17592236380184,200000
140737538719768,200000
35184422428696,200000
70368794525720,200000
140737538752536,200000
70368794574872,200000
1124139032,200000
4345331736,200000
4345307160,200000
4345315352,200000
35184422486040,200000
587268120,0
70368794640408,200000
140737538818072,200000
35184422551576,200000
8640299032,200000
8640274456,200000
8640282648,200000
1124204568,200000
587333656,-2800
8640331800,200000
4345430040,200000
70368794771480,200000
140737538949144,200000
35184422682648,200000
17230233624,200000
17230209048,200000
17230217240,200000
1124335640,200000
587464728,-2800
17230266392,200000
4345561112,200000
17230331928,200000
8640528408,200000
34410086440,200000
34410102824,200000
34410078248,200000
140737539211304,200000
70368795033640,200000
35184422944808,200000
1124597800,200000
34410135592,200000
4345823272,200000
34410201128,200000
8640790568,200000
34410332200,200000
17230725160,200000
140737538703400,200000
35184422436904,200000
1099561959720,200000
137490333720,200000
68771905560,200000
137491382312,200000
274932432936,200000
274930335816,-1000
137493479496,200000
2199075684872,-5600
549808242824,-2000
1099564056840,-2800
549814534184,200000
137522841096,200000
2199107142696,200000
274928238696,200000
549806145704,200000
68769808440,-1000
4398147174696,200000
318771240,-1000
4398149271816,-2800
1099612292136,200000
2199073587752,200000
4398096843816,200000
70368794517544,200000
35184422453288,200000
140737538695208,200000
4345364520,200000
8640397352,200000
17230463016,200000
34410594344,200000
68770857000,200000
70368794542120,200000
8796143355944,200000
17592236380200,200000
140737538719784,200000
35184422428712,200000
70368794525736,200000
4398130397736,200000
4398132494856,-1000
137539618056,-1000
4345315368,200000
4345331752,200000
4345307176,200000
140737538752552,200000
1124139048,200000
70368794574888,200000
35184422486056,200000
8640282664,200000
8640299048,200000
8640274472,200000
140737538818088,200000
70368794640424,200000
35184422551592,200000
1124204584,200000
8640331816,200000
4345430056,200000
17230217256,200000
17230233640,200000
17230209064,200000
140737538949160,200000
70368794771496,200000
35184422682664,200000
1124335656,200000
17230266408,200000
4345561128,200000
17230331944,200000
8640528424,200000
137489809432,200000
34412167192,200000
34410070072,800
68770332712,200000
34411118632,200000
70368795557928,200000
140737538687032,-2000
140737540784152,200000
70368796606488,200000
140737539735592,200000
35184423469096,200000
137489317912,200000
68769841192,200000
70368794509368,-1000
35184422420536,800
68769816616,200000
137489301528,200000
68769824808,200000
1126170648,200000
1125122088,200000
1124073528,-1000
589299736,-2800
137489350680,200000
4347396120,200000
4345299000,-100000
68769873960,200000
4346347560,200000
137489416216,200000
8642363416,200000
8640266296,-2000
68769939496,200000
8641314856,200000
137489547288,200000
17232298008,200000
17230200888,800
68770070568,200000
17231249448,200000
34410086472,200000
34410102856,-1000
34410078280,-1000
140737539211336,-3800
70368795033672,-1000
35184422944840,-1000
587726920,-2800
34410135624,-1000
4345823304,-100000
34410201160,-1000
8640790600,-3800
34410332232,-1000
17230725192,-1000
274930335784,200000
274929287192,200000
68774002712,200000
137489285224,200000
68769808472,200000
137491382344,-1000
137493479464,200000
2199107142728,-2000
274961794568,200000
549814534216,-3800
274932432968,-1000
1099566153992,-2800
2199077782024,-5600
1099561959752,-1000
4398147174728,-2800
587219016,200000
587235400,-2800
318771272,-1000
4398151368968,-2800
587210824,-2800
1099612292168,-1000
274978571528,-1000
4398134592008,-1000
4398130397768,-1000
2199073587784,-3800
4398096843848,-1000
8796143355976,-1000
70368794517576,-1000
35184422436936,200000
140737538695240,-3800
35184422453320,-1000
140737538703432,200000
4345364552,-1000
8640397384,-3800
17230463048,-1000
34410594376,-1000
68770857032,-1000
70368794542152,-1000
70368794525768,-1000
140737538719816,-3800
17592236380232,-1000
35184422428744,-1000
4345315400,200000
4345331784,-100000
4345307208,-100000
140737538752584,-1000
70368794574920,-1000
35184422486088,-1000
587268168,0
8640282696,200000
8640299080,-1000
8640274504,-3800
140737538818120,-1000
70368794640456,-1000
35184422551624,-1000
587333704,-2800
8640331848,-1000
4345430088,-100000
17230217288,200000
17230233672,-1000
17230209096,-1000
140737538949192,-3800
70368794771528,-1000
35184422682696,-1000
587464776,-2800
17230266440,-1000
4345561160,-100000
17230331976,-1000
8640528456,-3800
274928762904,200000
34414264344,200000
34410070104,200000
68770332744,-1000
34411118664,-1000
70368795557960,-1000
140737538687064,200000
140737542881304,200000
35184426614808,200000
140737539735624,-3800
35184423469128,-1000
274928271384,200000
68769841224,-1000
70368794509400,200000
35184422420568,200000
68769824840,200000
274928246808,200000
68769816648,-1000
1128267800,200000
591396888,-2800
587202648,-2900
588251208,-2800
274928304152,200000
4349493272,200000
4345299032,200000
68769873992,-1000
4346347592,-100000
274928369688,200000
8644460568,200000
8640266328,200000
68769939528,-1000
8641314888,-3800
274928500760,200000
17234395160,200000
17230200920,200000
68770070600,-1000
17231249480,-1000
34410070120,200000
274928762920,200000
34414264360,200000
137489809480,-1000
34412167240,-1000
140737538687080,200000
274928271400,200000
70368794509416,200000
137489317960,-1000
137489301576,200000
140737540784200,-3800
70368796606536,-1000
35184426614824,200000
35184422420584,200000
589299784,-2800
140737542881320,200000
274928246824,200000
4345299048,200000
274928304168,200000
4349493288,200000
137489350728,-1000
4347396168,-100000
8640266344,200000
274928369704,200000
8644460584,200000
137489416264,-1000
8642363464,-3800
17230200936,200000
274928500776,200000
17234395176,200000
137489547336,-1000
17232298056,-1000
137490333768,-1000
274930335768,200000
137493479448,200000
68769808488,200000
274928238648,-1000
137489285208,200000
274929287208,200000
68774002728,200000
68771905608,-1000
34410078344,800
140737539211400,-1000
70368795033736,-1000
35184422944904,800
1124597896,-1000
587726984,0
34410135688,800
4345823368,-2800
34410201224,800
8640790664,-2000
17230725256,800
70368794517640,-1000
68778197016,200000
549807194136,200000
137489285288,200000
68769808536,200000
549808242728,200000
137491382408,800
137497673768,200000
549810339912,200000
274936627272,-1000
4398147174792,-2800
4398155563272,-2800
1124081800,-1000
318771336,-1000
587210888,0
4398130397832,-1000
4398138786312,-1000
1099570348296,-2800
2199081976328,-2800
549839701512,200000
549856478472,-1000
1099561959816,-1000
2199073587848,-1000
8796143356040,800
35184422428808,800
17592236380296,-1000
140737538695304,-2000
4345364616,-1000
8640397448,-1000
34410594440,800
68770857096,-1000
70368794574984,-1000
4345307272,-2800
140737538752648,-1000
35184422486152,800
1124139144,-1000
587268232,0
70368794640520,-1000
8640274568,-1000
140737538818184,-1000
35184422551688,800
1124204680,-1000
587333768,0
8640331912,-1000
4345430152,-1000
17230209160,800
17230266504,800
17230332040,800
549806669848,200000
34418458648,200000
34410070168,200000
68770332808,-1000
34411118728,800
70368794509464,200000
140737538687128,200000
35184423469192,800
140737539735688,-2000
70368795558024,-1000
35184430809112,200000
70368802897944,200000
35184422420632,200000
549806161944,200000
549806153752,200000
68769816712,-1000
1132462104,200000
1125122184,-1000
1124073624,200000
595591192,-2800
588251272,0
587202712,0
549806211096,200000
4353687576,200000
4345299096,200000
68769874056,-1000
4346347656,-2800
549806276632,200000
8648654872,200000
8640266392,200000
68769939592,-1000
8641314952,-2000
549806407704,200000
17238589464,200000
17230200984,200000
17231249544,800
34410070184,200000
549806669864,200000
34418458664,200000
137489809544,800
34412167304,800
140737538687144,200000
70368794509480,200000
70368802897960,200000
35184430809128,200000
140737540784264,-2000
70368796606600,-1000
35184422420648,200000
549806161960,200000
549806153768,200000
1124073640,200000
589299848,0
1126170760,-1000
4345299112,200000
549806211112,200000
4353687592,200000
137489350792,800
4347396232,-2800
8640266408,200000
549806276648,200000
8648654888,200000
137489416328,800
8642363528,-2000
17230201000,200000
549806407720,200000
17238589480,200000
17232298120,800
137490333832,800
549808242712,200000
137497673752,200000
68769808552,200000
549806145592,-2000
137489285272,200000
549807194152,200000
68778197032,200000
68771905672,-1000
549806669896,-3800
34418458696,-1000
274928763016,-1000
549806153800,-3800
274928246920,-1000
549806161992,200000
70368802897992,-1000
35184430809160,-1000
595591240,-2800
549806211144,-1000
4353687624,-100000
274928304264,-1000
549806276680,-3800
8648654920,-3800
274928369800,-1000
549806407752,-3800
17238589512,-1000
549810339864,200000
274936627224,200000
549806145624,200000
274928238744,200000
549807194184,-3800
68778197064,-1000
274929287304,-1000
549806145640,200000
274928238760,200000
549810339880,200000
274936627240,200000
549808242760,-3800
137497673800,-1000
274930335880,-1000
70368828588296,-1000
34443641096,-1000
34443632904,-1000
34443657480,200000
140737572765960,-1000
34460410376,-1000
34460418568,-1000
34460434952,200000
140737589543432,-1000
70368845365768,-1000
35184473276936,-1000
35184456499464,-1000
2231894280,-2800
2248671752,-2800
1158152456,-1000
638059016,-2800
1174929928,-1000
621281544,-2800
34443690248,-1000
34460467720,-1000
4396155400,-2800
34443755784,-1000
8674345224,-2800
34460533256,-1000
34443886856,-1000
17264279816,-1000
34460664328,-1000
17281057288,-1000
137539617320,200000
17592269934856,-1000
1099596562456,200000
2199124967448,200000
274978570824,-1000
1099612291848,200000
4398147175944,200000
8796193688072,200000
17592286712328,-1000
35184472760840,-1000
70368844857864,-1000
35184472769032,-1000
140737589051912,200000
140737589027336,-1000
35184472785416,200000
140737589035528,-1000
4395696648,-1000
17280795144,-1000
34460926472,-1000
68821189128,-1000
70368844874248,200000
70368844849672,-1000
68803363096,200000
4398096843528,200000
2199073588488,-2800
1099561960968,200000
2248155656,-2800
2248180232,200000
2248163848,-2800
2231378184,-2800
2231402760,200000
2231386376,-2800
68820140568,200000
549848088840,-1000
137522839848,200000
1099597611048,200000
274965987592,-1000
137524936968,-1000
1099599708232,200000
2199126016040,200000
274982765064,-1000
137541714440,-1000
2199128113224,200000
352325896,-1000
549864866312,-1000
369103368,-1000
1157636360,-1000
1157660936,200000
1174413832,-1000
1174438408,200000
1174422024,-1000
1157644552,-1000
620773640,-1000
620790024,200000
637542920,-2800
637551112,-1000
637567496,200000
620765448,-2000
274961793352,-1000
549839700360,-1000
2199107142408,200000
4398130398472,-1000
8796176910600,-1000
140737572249864,-1000
35184456007944,200000
140737572258056,-1000
8673952008,-2800
17264017672,-1000
34444149000,-1000
68804411656,-1000
70368828096776,200000
70368828072200,-1000
35184455983368,-1000
70368828080392,-1000
35184455991560,-1000
140737572274440,200000
4395639304,-2800
140737572307208,-1000
70368828129544,-1000
35184456040712,-1000
2231435528,-2900
2248213000,-1000
1157693704,-1000
637600264,-1000
1174471176,-1000
620822792,-2800
4395647496,-2800
4395663880,-2800
140737589084680,-1000
70368844907016,-1000
35184472818184,-1000
70368828195080,-1000
8673837320,-2800
8673829128,-2800
8673853704,-2800
140737572372744,-1000
35184472883720,-1000
140737589150216,-1000
70368844972552,-1000
35184456106248,-1000
2231501064,-2800
2248278536,-2800
1157759240,-1000
637665800,-2800
1174536712,-1000
620888328,-2800
8673886472,-2800
4395762184,-1000
70368828326152,-1000
17263771912,-2800
17263763720,-2800
17263788296,200000
140737572503816,-1000
17280541192,-2800
17280549384,-2800
17280565768,200000
140737589281288,-1000
70368845103624,-1000
35184473014792,-1000
35184456237320,-1000
2231632136,-2800
2248409608,-2800
1157890312,-1000
637796872,0
1174667784,-1000
621019400,-2800
17263821064,-2800
17280598536,-2800
4395893256,-2800
17263886600,-1000
8674083080,-2800
17280664072,-1000
2199124443160,200000
1099596038168,200000
34443624728,200000
34460402200,200000
68803887368,-1000
34444673288,-1000
68820664840,-1000
34461450760,-1000
35184472752664,200000
140737572241688,200000
1099595522072,200000
68803371272,-1000
2249196040,-2800
2199123935256,200000
68820156936,-1000
2199123927064,200000
68820148744,-1000
140737573290248,-1000
70368829112584,800
35184457023752,800
140737589019160,200000
35184473801224,800
140737590067720,800
70368845890056,800
2199123951640,200000
70368844841496,200000
68820173320,200000
70368828064024,200000
1099595546648,200000
68803395848,200000
1099595530264,200000
68803379464,-1000
35184455975192,200000
2231370008,200000
2232418568,-2800
2248147480,200000
1157628184,200000
638583304,-2800
637534744,-2800
1174405656,200000
1175454216,-1000
1158676744,-1000
620757272,-2800
621805832,-2800
2199123984408,200000
4395631128,200000
68803428616,-1000
68820206088,-1000
4396679688,-2000
1099595644952,200000
8673820952,200000
68803494152,-1000
8674869512,-2000
68820271624,-1000
2199124181016,200000
1099595776024,200000
17263755544,200000
17280533016,200000
68803625224,-1000
17264804104,-2800
68820402696,-1000
17281581576,-2800
34443624744,200000
34460402216,200000
1099596038184,200000
2199124443176,200000
137523364104,-1000
34445721864,-1000
137540141576,-1000
34462499336,-1000
140737572241704,200000
70368844841512,200000
137539650056,200000
70368828064040,200000
1099595546664,200000
137522872584,200000
35184472752680,200000
137539633672,-1000
2199123935272,200000
2199123927080,200000
140737574338824,-1000
70368830161160,-1000
35184455975208,200000
1099595530280,200000
137522856200,-1000
1099595522088,200000
2250244616,-2800
2248147496,200000
2233467144,-2800
1157628200,200000
1174405672,200000
1176502792,-1000
1159725320,-1000
140737589019176,200000
70368846938632,-1000
622854408,-2800
639631880,-2800
140737591116296,-1000
2199123951656,200000
4395631144,200000
2199123984424,200000
137522905352,-1000
137539682824,-1000
4397728264,-2800
8673820968,200000
1099595644968,200000
137522970888,-1000
8675918088,-2800
137539748360,-1000
17263755560,200000
17280533032,200000
1099595776040,200000
2199124181032,200000
137523101960,-1000
17265852680,-2800
137539879432,-1000
17282630152,-2800
1099597611032,200000
2199126016024,200000
68822237704,-1000
2199124967464,200000
137540665864,-1000
1099595513912,-1000
2199123918904,-1000
137522839832,200000
137539617304,200000
68803363112,200000
68820140584,200000
1099596562472,200000
68805460232,-1000
137523888392,-1000
34443624776,-1000
34460402248,-1000
1099596038216,-2800
2199124443208,-1000
274962317576,-1000
34447819016,-1000
274979095048,-1000
34464596488,-1000
140737572241736,-1000
70368844841544,-1000
274978603528,200000
70368828064072,-1000
1099595546696,-1000
274961826056,200000
35184472752712,-1000
2199123935304,200000
2199123927112,-2000
140737576435976,-1000
274978578952,-1000
35184460169480,-1000
35184455975240,-1000
1099595530312,200000
1099595522120,-2800
274961801480,-1000
2252341768,-2800
2231370056,-2800
2235564296,-2800
2248147528,-2800
620757320,-1000
637534792,-1000
624951560,-1000
1161822472,-1000
641729032,-1000
1178599944,-1000
140737589019208,-1000
140737593213448,-1000
35184476946952,-1000
2199123951688,-2000
4395631176,-1000
2199123984456,-2000
274961858824,-1000
274978636296,-1000
4399825416,-2800
8673821000,-2000
1099595645000,-2800
274961924360,-1000
8678015240,-2800
274978701832,-1000
17263755592,-2800
17280533064,-2800
1099595776072,-2800
2199124181064,-1000
274962055432,-1000
17267949832,-2800
274978832904,-1000
17284727304,-2800
1099599708184,200000
2199128113176,200000
68824334856,-1000
2199124967496,-1000
274979619336,800
1099595513944,200000
2199123918936,200000
274961793304,200000
274978570776,200000
68803363144,-1000
68820140616,-1000
1099596562504,-2800
68807557384,-1000
274962841864,800
1099599708200,200000
1099595513960,200000
2199123918952,200000
274980667912,-1000
274961793320,200000
274978570792,200000
2199128113192,200000
137543811592,-1000
2199126016072,-1000
137522839880,-1000
137539617352,-1000
1099597611080,-2800
137527034120,-1000
274963890440,-1000
34443624840,-1000
1099596038280,-2800
2199124443272,-1000
549840224520,-1000
34452013320,-1000
549857001992,-1000
34468790792,-1000
70368828064136,-1000
140737572241800,-1000
35184455975304,800
1157628296,-1000
629145864,-2800
645923336,-2800
1166016776,-1000
1182794248,-1000
620757384,-2800
549839708424,-1000
2239758600,-2800
2256536072,-2800
549839716616,-1000
70368836452616,-1000
549856485896,-1000
549856494088,-1000
70368853230088,-1000
35184481141256,-1000
35184464363784,-1000
2199123984520,-2000
549839765768,-1000
549856543240,-1000
4404019720,-1000
8673821064,-2000
549839831304,-1000
8682209544,-2800
549856608776,-1000
17263755656,-2800
549839962376,-1000
17272144136,-2800
549856739848,-1000
17288921608,-2800
1099603902488,200000
2199132307480,200000
68828529160,-1000
1099595514008,200000
2199123919000,200000
549839700248,200000
549856477720,200000
68803363208,-1000
1099596562568,-2800
68811751688,-1000
549840748808,-1000
2199124967560,-1000
549857526280,800
1099603902504,200000
549839700264,200000
549856477736,200000
2199132307496,200000
137522839944,800
549841797384,-1000
137531228424,-1000
549858574856,-1000
137548005896,-1000
1099603902536,-2800
549839700296,-1000
549856477768,-1000
2199132307528,-2000
274961793416,-1000
549843894536,-1000
274970181896,-1000
549860672008,-1000
274986959368,-1000
34444673048,200000
137523363880,200000
68803887128,200000
34410071560,-2800
4398097367560,-2800
34445721640,200000
274962317384,-1000
34447818824,200000
549840224392,-2000
34460402440,200000
2199124443400,-1000
1099612815880,-1000
1099596038408,-1000
2199107666440,-2800
140737573290008,200000
68803395608,200000
137522855976,200000
1099595530504,-1000
2199107158536,-2000
35184457023512,200000
1099595546888,200000
2199107174920,200000
274961825864,-1000
137522872360,200000
68803371032,200000
2248147720,200000
4398096851464,-2800
70368794510856,200000
4398096876040,200000
4398096859656,-2800
35184422422024,200000
140737538688520,200000
68803379224,200000
274961801288,-1000
549839708296,-2000
1099595522312,-1000
2199107150344,-2000
140737574338600,200000
35184460169288,200000
140737576435784,200000
1099612299784,-1000
35184472752904,200000
2199123935496,-2800
1099612307976,-1000
2199123927304,-2800
140737589019400,200000
587204104,200000
2199123951880,200000
1099612324360,200000
70368844841736,200000
70368830160936,200000
70368829112344,200000
2232418328,200000
2235564104,200000
621805592,200000
1158676504,200000
1174405896,200000
624951368,200000
637534984,200000
1124075016,200000
137522905128,200000
68803428376,200000
4379901976,200000
4380950568,200000
274961858632,-1000
4383047752,200000
549839765640,-1000
2199107207688,-2800
2199123984648,200000
4345300488,200000
4398096908808,-2800
137522970664,200000
68803493912,200000
8674869272,200000
8675917864,200000
274961924168,-1000
8678015048,200000
1099612422664,-1000
549839831176,-1000
1099595645192,-1000
4398096974344,-2800
17264803864,200000
68803624984,200000
137523101736,200000
17265852456,200000
274962055240,-1000
17267949640,200000
17280533256,200000
1099595776264,-1000
2199107404296,-2800
2199124181256,-1000
1099612553736,-1000
35184456499224,200000
621281304,-2000
34443657240,200000
34443632664,200000
34443640856,200000
1158152216,200000
140737572765720,200000
70368828588056,200000
2231894040,200000
34443690008,200000
4379377688,200000
34443755544,200000
8674344984,200000
34443886616,200000
17264279576,200000
140737572257816,200000
4378918936,200000
8673951768,200000
34444148760,200000
549848088600,200000
2199123919128,200000
2199124967688,-1000
1099613340168,-1000
1157636120,200000
1157660696,200000
620765208,-2000
1157644312,200000
620789784,-2800
620773400,-1000
1099612291608,200000
68820140808,200000
70368828096536,200000
35184456007704,200000
140737572249624,200000
4398130398232,200000
17592269934616,200000
35184455983128,200000
70368828080152,200000
140737572274200,200000
8796176910360,200000
70368828071960,200000
35184455991320,200000
2199107142168,200000
549839700120,200000
1099595514136,200000
137522839608,800
4398096843288,200000
4398097891848,-2800
2199073588248,200000
2231402520,200000
2231377944,200000
2231386136,200000
68769809928,200000
274961793112,200000
17264017432,200000
68804411416,200000
137523888168,200000
68805460008,200000
274962841672,800
549840748680,-2000
1099596562696,-1000
2199108190728,-2000
137524936728,200000
274965987352,200000
68807557192,200000
620822552,-2800
35184456040472,200000
1157693464,200000
4378869784,200000
4378886168,200000
4378861592,200000
140737572306968,200000
70368828129304,200000
2231435288,200000
8673853464,200000
70368828194840,200000
8673837080,200000
8673828888,200000
140737572372504,200000
35184456106008,200000
2231500824,200000
620888088,-2800
1157759000,200000
8673886232,200000
4378984472,200000
70368828325912,200000
35184456237080,200000
621019160,-2800
1157890072,200000
140737572503576,200000
2231631896,200000
17263763480,200000
17263771672,200000
17263788056,200000
17263820824,200000
4379115544,200000
17263886360,200000
8674082840,200000
34443640872,200000
34443657256,200000
34443632680,200000
140737572765736,200000
1158152232,200000
70368828588072,200000
35184456499240,200000
2231894056,200000
34443690024,200000
4379377704,200000
34443755560,200000
8674345000,200000
34443886632,200000
17264279592,200000
35184455991336,200000
1099595514152,200000
137523888152,200000
68805459992,200000
274961793128,200000
549839700136,200000
68803362872,-1000
2199123919144,200000
352325672,-1000
2199126016264,-1000
1099614388744,-1000
1099612291624,200000
274965987368,200000
274963890248,-1000
137527033928,200000
2199109239304,-3800
549841797256,-2000
1099597611272,-1000
549848088616,200000
137539617544,200000
137524936744,200000
4398096843304,200000
4398098940424,-2800
2199073588264,200000
137489286664,200000
2199107142184,200000
4398130398248,200000
70368828071976,200000
35184456007720,200000
140737572249640,200000
140737572257832,200000
4378918952,200000
8673951784,200000
17264017448,200000
34444148776,200000
68804411432,200000
70368828096552,200000
8796176910376,200000
17592269934632,200000
140737572274216,200000
35184455983144,200000
70368828080168,200000
4378869800,200000
4378886184,200000
4378861608,200000
140737572306984,200000
1157693480,200000
70368828129320,200000
35184456040488,200000
8673837096,200000
8673853480,200000
8673828904,200000
140737572372520,200000
1157759016,200000
70368828194856,200000
35184456106024,200000
2231500840,200000
8673886248,200000
4378984488,200000
17263771688,200000
17263788072,200000
17263763496,200000
140737572503592,200000
1157890088,200000
70368828325928,200000
35184456237096,200000
2231631912,200000
17263820840,200000
4379115560,200000
17263886376,200000
8674082856,200000
137523363864,200000
34445721624,200000
34443624504,-1000
68803887144,200000
34444673064,200000
68803395624,200000
70368828063800,800
140737572241464,-1000
35184457023528,200000
140737573290024,200000
70368829112360,200000
137522872344,200000
137522855960,200000
68803379240,200000
35184455974968,800
68803371048,200000
140737574338584,200000
70368830160920,200000
2233466904,200000
622854168,-2000
1159725080,200000
1158676520,200000
1157627960,-1000
137522905112,200000
4380950552,200000
4378853432,-1000
68803428392,200000
4379901992,200000
137522970648,200000
8675917848,200000
8673820728,-2000
68803493928,200000
8674869288,200000
137523101720,200000
17265852440,200000
17263755320,-1000
68803625000,200000
17264803880,200000
34443640904,200000
34443657288,-2000
34443632712,-2000
140737572765768,-2000
621281352,-1000
70368828588104,-1000
35184456499272,-1000
2231894088,-2800
34443690056,-2000
4379377736,-2800
34443755592,-1000
8674345032,-2000
34443886664,-1000
17264279624,-1000
35184455991368,200000
35184455983176,-1000
274962841624,200000
68807557144,200000
137522839656,200000
68803362904,200000
4398101037576,-2800
274963890216,200000
137524936776,-1000
137527033896,200000
274965987400,-1000
1099599708424,-1000
2199111336456,-3800
549848088648,-1000
1099595514184,-1000
2199107142216,-2000
4398130398280,-1000
8796176910408,-1000
70368828072008,-1000
140737572249672,-2000
35184456007752,-1000
140737572257864,200000
4378918984,-1000
8673951816,-2000
17264017480,-1000
34444148808,-1000
68804411464,-1000
70368828096584,-1000
70368828080200,-1000
140737572274248,-1000
17592269934664,-1000
2199123919176,-2000
2199128113416,-2800
1099616485896,-1000
620773448,200000
620789832,-1000
620765256,-1000
352325704,-1000
1099612291656,-1000
274978571016,200000
4398096843336,-1000
2199073588296,-3800
274928240136,200000
2231386184,200000
2231402568,-2800
2231377992,-2800
4378869832,200000
4378886216,-2800
4378861640,-2800
140737572307016,-1000
620822600,-1000
70368828129352,-1000
35184456040520,-1000
2231435336,-2800
8673837128,200000
8673853512,-2000
8673828936,-2000
140737572372552,-1000
620888136,-1000
70368828194888,-1000
35184456106056,-1000
2231500872,-2800
8673886280,-2000
4378984520,-1000
17263771720,200000
17263788104,-2800
17263763528,-2800
140737572503624,-1000
621019208,-1000
70368828325960,-1000
35184456237128,-1000
2231631944,-2800
17263820872,-2800
4379115592,-2800
17263886408,-1000
8674082888,-2000
274962317336,200000
34447818776,200000
34443624536,200000
68803887176,-1000
34444673096,-2000
68803395656,-1000
274961825816,200000
140737572241496,200000
35184457023560,800
140737573290056,-2000
70368829112392,800
70368828063832,200000
68803379272,200000
35184455975000,200000
274961801240,200000
68803371080,-1000
140737576435736,200000
620757080,-1000
621805640,-1000
35184460169240,200000
2235564056,200000
2231369816,200000
2232418376,-2800
624951320,-1000
1161822232,200000
274961858584,200000
4383047704,200000
4378853464,200000
68803428424,-1000
4379902024,-2800
274961924120,200000
8678015000,200000
8673820760,200000
68803493960,-1000
8674869320,-2000
274962055192,200000
17267949592,200000
17263755352,200000
68803625032,-1000
17264803912,-2800
34443624552,200000
274962317352,200000
34447818792,200000
137523363912,-1000
34445721672,-2000
140737574338632,-2000
70368828063848,200000
622854216,-1000
140737576435752,200000
35184460169256,200000
70368830160968,-1000
2231369832,200000
2233466952,-2800
140737572241512,200000
274961825832,200000
137522872392,-1000
35184455975016,200000
137522856008,200000
274961801256,200000
4378853480,200000
274961858600,200000
4383047720,200000
137522905160,-1000
4380950600,-2800
8673820776,200000
274961924136,200000
8678015016,200000
137522970696,-1000
8675917896,-2000
17263755368,200000
274962055208,200000
17267949608,200000
137523101768,-1000
17265852488,-2800
137523888200,-1000
274963890200,200000
137527033880,200000
68803362920,200000
274961793080,800
137522839640,200000
274962841640,200000
68807557160,200000
68805460040,-1000
140737572765832,-2000
70368828588168,-1000
35184456499336,800
1158152328,-1000
621281416,-2800
34443690120,-2000
4379377800,-2800
8674345096,-2000
17264279688,-1000
35184455983240,800
549840748568,200000
68811751448,200000
137522839720,200000
68803362968,200000
4398096843400,800
4398105231880,-2800
549806147080,200000
549841797160,200000
137524936840,800
137531228200,200000
549843894344,200000
274970181704,-1000
2199123919240,-2000
2199132307720,-2800
1099620680200,-1000
549856477960,-1000
1099603902728,-1000
2199115530760,-2800
352325768,-1000
620765320,-2800
1157636232,-1000
1099595514248,-1000
2199107142280,-2000
8796176910472,-1000
17592269934728,-1000
70368828072072,-1000
140737572249736,-2000
4378919048,-1000
8673951880,-2000
34444148872,-1000
68804411528,-1000
140737572307080,-1000
70368828129416,-1000
35184456040584,800
1157693576,-1000
620822664,-2800
8673829000,-2000
140737572372616,-1000
70368828194952,-1000
35184456106120,800
1157759112,-1000
620888200,-2800
8673886344,-2000
17263763592,-2800
17263820936,-2800
17263886472,-1000
549840224280,200000
34452013080,200000
34443624600,200000
68803887240,-1000
34444673160,-2000
70368836452376,200000
35184464363544,200000
140737573290120,-2000
70368829112456,800
35184457023624,800
1166016536,200000
1158676616,-1000
1157628056,200000
629145624,-2800
620757144,-1000
621805704,-1000
140737572241560,200000
70368828063896,200000
549839716376,200000
35184455975064,200000
549839708184,200000
2239758360,200000
549839765528,200000
4387242008,200000
4378853528,200000
68803428488,-1000
4379902088,-2800
549839831064,200000
8682209304,200000
8673820824,200000
8674869384,-2000
549839962136,200000
17272143896,200000
17263755416,200000
17264803976,-2800
549840224296,200000
34452013096,200000
137523363976,800
140737574338696,-2000
70368828063912,200000
140737572241576,200000
70368830161032,-1000
35184455975080,200000
1157628072,200000
622854280,-2800
1159725192,-1000
549839708200,200000
549839716392,200000
70368836452392,200000
35184464363560,200000
549839765544,200000
4387242024,200000
137522905224,800
8673820840,200000
549839831080,200000
8682209320,200000
137522970760,800
8675917960,-2000
17263755432,200000
549839962152,200000
17272143912,200000
17265852552,-2800
549841797144,200000
137531228184,200000
549839700024,-1000
137522839704,200000
549840748584,200000
68811751464,200000
137523888264,800
549840224328,-2000
34452013128,-2000
274962317448,-1000
549839708232,-2000
274961801352,-1000
549839716424,200000
70368836452424,-1000
35184464363592,-1000
2239758408,-2800
629145672,-1000
549839765576,-1000
4387242056,-1000
274961858696,-1000
549839831112,-1000
8682209352,-2000
274961924232,-1000
549839962184,-2000
17272143944,-2800
549843894296,200000
274970181656,200000
549839700056,200000
274961793176,200000
549840748616,-2000
68811751496,-1000
274962841736,800
549839700072,200000
274961793192,200000
549843894312,200000
274970181672,200000
549841797192,-2000
137531228232,-1000
274963890312,-1000
137540141096,200000
68820664344,200000
2199107666184,-2800
1099596038664,-1000
34461450264,200000
34462498856,200000
274979094600,-1000
34464596040,200000
549857001608,800
1099612815624,-1000
2199124443656,-1000
34443625224,200000
34410071304,-2800
4398097367304,-2800
274978603080,-1000
68820172824,200000
35184473800728,200000
1099612324104,200000
2199123952136,200000
2249195544,200000
2231370504,200000
68820148248,200000
140737572242184,200000
70368828064520,200000
2199107174664,200000
1099595547144,200000
2199107158280,-2000
1099595530760,-1000
35184455975688,200000
140737538688264,-2800
4398096875784,200000
2199107150088,-2000
1099595522568,-1000
70368794510600,-2800
35184422421768,-2800
4398096859400,-2800
4398096851208,-2800
2252341320,200000
2250244136,200000
68820156440,200000
1099612299528,-1000
2199123927560,-1000
274978578504,-1000
137539649576,200000
137539633192,200000
1099612307720,-1000
2199123935752,-1000
140737590067224,200000
70368845889560,200000
638582808,200000
620757768,200000
587203848,0
140737591115816,200000
35184476946504,200000
140737593213000,200000
70368846938152,200000
1175453720,200000
1157628680,200000
1124074760,-2800
641728584,200000
1176502312,200000
137539682344,200000
68820205592,200000
4396679192,200000
4397727784,200000
274978635848,-1000
4399824968,200000
549856542856,800
2199123984904,-1000
4398096908552,-2800
2199107207432,-2800
137539747880,200000
68820271128,200000
1099595645448,-1000
8691646488,200000
8692695080,200000
274978701384,-1000
8694792264,200000
8640267528,-2800
4398096974088,-2800
1099612422408,-1000
137539878952,200000
68820402200,200000
17281581080,200000
17282629672,200000
274978832456,-1000
17284726856,200000
17263756040,200000
1099595776520,-1000
2199107404040,-2800
1099612553480,-1000
2199124181512,-1000
34460434456,200000
2248671256,200000
34460409880,200000
34460418072,200000
140737589542936,200000
1174929432,200000
638058520,-2800
70368845365272,200000
35184473276440,200000
34460467224,200000
4396154904,200000
34460532760,200000
8691122200,200000
34460663832,200000
17281056792,200000
140737589035032,200000
17280794648,200000
34460925976,200000
4395696152,200000
2199123919384,200000
4398147175448,200000
70368844849176,200000
35184472768536,200000
35184472784920,200000
140737589026840,200000
70368844873752,200000
8796193687576,200000
17592286711832,200000
140737589051416,200000
35184472760344,200000
70368844857368,200000
549856477336,200000
1099612291352,200000
8690728984,200000
68821188632,200000
137541713944,200000
68824334408,200000
137540665384,200000
274979618888,800
68822237224,200000
2199124967944,-1000
549857525896,800
1099613339912,-1000
274982764568,200000
549864865816,200000
637542424,-2800
1174421528,200000
637567000,-2800
637550616,-1000
1174413336,200000
1174437912,200000
137539616824,800
2199107141912,200000
2199108190472,-2000
1099596562952,-1000
1099595514392,200000
4398096843032,200000
68803363592,200000
4398097891592,-2800
1099561960472,200000
2248179736,200000
2248155160,200000
2248163352,200000
68769809672,-2800
274978570328,200000
4395663384,200000
35184472817688,200000
4395647000,200000
4395638808,200000
140737589084184,200000
70368844906520,200000
2248212504,200000
637599768,-1000
1174470680,200000
8690630680,200000
35184472883224,200000
8690614296,200000
8690606104,200000
140737589149720,200000
637665304,-2800
1174536216,200000
70368844972056,200000
2248278040,200000
8690663448,200000
4395761688,200000
17280565272,200000
35184473014296,200000
17280548888,200000
17280540696,200000
140737589280792,200000
637796376,0
1174667288,200000
70368845103128,200000
2248409112,200000
17280598040,200000
4395892760,200000
17280663576,200000
8690860056,200000
34460418088,200000
34460434472,200000
34460409896,200000
140737589542952,200000
1174929448,200000
70368845365288,200000
35184473276456,200000
2248671272,200000
34460467240,200000
4396154920,200000
34460532776,200000
8691122216,200000
34460663848,200000
17281056808,200000
17280794664,200000
4398147175464,200000
68820140088,-1000
137540665368,200000
68821188648,200000
34460925992,200000
4395696168,200000
8690729000,200000
68822237208,200000
369102888,-1000
549864865832,200000
137541713960,200000
274980667464,-1000
137543811144,200000
1099614388488,-1000
2199126016520,-1000
274982764584,200000
1174421544,200000
1174413352,200000
1174437928,200000
274978570344,200000
4398096843048,200000
137522840328,200000
4398098940168,-2800
1099561960488,200000
2248179752,200000
2248155176,200000
2248163368,200000
137489286408,-2800
2199107141928,200000
2199109239048,-2800
1099597611528,-1000
1099612291368,200000
1099595514408,200000
2199123919400,200000
70368844849192,200000
35184472768552,200000
35184472784936,200000
140737589026856,200000
140737589035048,200000
70368844873768,200000
8796193687592,200000
17592286711848,200000
140737589051432,200000
35184472760360,200000
70368844857384,200000
4395647016,200000
4395663400,200000
4395638824,200000
140737589084200,200000
1174470696,200000
70368844906536,200000
35184472817704,200000
2248212520,200000
8690614312,200000
8690630696,200000
8690606120,200000
140737589149736,200000
1174536232,200000
70368844972072,200000
35184472883240,200000
2248278056,200000
8690663464,200000
4395761704,200000
17280548904,200000
17280565288,200000
17280540712,200000
140737589280808,200000
1174667304,200000
70368845103144,200000
35184473014312,200000
2248409128,200000
17280598056,200000
4395892776,200000
17280663592,200000
8690860072,200000
137540141080,200000
34462498840,200000
34460401720,-1000
68820664360,200000
34461450280,200000
68820172840,200000
137539649560,200000
68820148264,200000
35184472752184,800
140737589018680,800
35184473800744,200000
140737590067240,200000
70368845889576,200000
70368844841016,800
137539633176,200000
68820156456,200000
2250244120,200000
2248147000,-1000
2249195560,200000
140737591115800,200000
1176502296,200000
1175453736,200000
639631384,-2800
1174405176,-1000
70368846938136,200000
137539682328,200000
4397727768,200000
4395630648,800
68820205608,200000
4396679208,200000
137539747864,200000
8692695064,200000
8690597944,-1000
68820271144,200000
8691646504,200000
137539878936,200000
17282629656,200000
17280532536,-1000
68820402216,200000
17281581096,200000
34460418120,200000
34460434504,-1000
34460409928,-2000
140737589542984,-1000
638058568,-1000
70368845365320,-1000
35184473276488,-1000
2248671304,-2800
34460467272,-2000
4396154952,-1000
34460532808,-1000
8691122248,-1000
34460663880,-1000
17281056840,-1000
35184472760392,-1000
4398147175496,-1000
68820140120,200000
274979618840,200000
68824334360,200000
137539616872,200000
274980667432,200000
137541713992,-1000
137543811112,200000
274982764616,-1000
1099616485640,-1000
2199128113672,-1000
549864865864,-1000
637550664,200000
637567048,-1000
637542472,-1000
369102920,-1000
4398096843080,-1000
274961793800,200000
4398101037320,-2800
1099561960520,-100000
2248179784,-2800
2248155208,-2800
2248163400,200000
274928239880,-2800
2199107141960,-2000
2199111336200,-2800
1099599708680,-1000
1099595514440,-1000
1099612291400,-1000
2199123919432,-1000
8796193687624,-1000
70368844857416,-1000
140737589051464,-1000
17592286711880,-1000
70368844849224,-1000
35184472768584,200000
140737589026888,-1000
35184472784968,-1000
140737589035080,200000
4395696200,-1000
8690729032,-1000
17280794696,-1000
34460926024,-1000
68821188680,-1000
70368844873800,-1000
4395647048,200000
4395663432,-1000
4395638856,-1000
140737589084232,-1000
637599816,-1000
70368844906568,-1000
35184472817736,-1000
2248212552,-1000
8690614344,200000
8690630728,-2000
8690606152,-1000
140737589149768,-1000
637665352,-1000
70368844972104,-1000
35184472883272,-1000
2248278088,-2800
8690663496,-2000
4395761736,-1000
17280548936,200000
17280565320,-2800
17280540744,-2800
140737589280840,-1000
637796424,0
70368845103176,-1000
35184473014344,-1000
2248409160,-2800
17280598088,-2800
4395892808,-1000
17280663624,-1000
8690860104,-1000
274979094552,200000
34464595992,200000
34460401752,200000
68820664392,-1000
34461450312,-2000
35184472752216,200000
274978578456,200000
68820156488,200000
68820148296,-1000
140737589018712,200000
70368844841048,200000
274978603032,200000
68820172872,-1000
2252341272,200000
2248147032,200000
2249195592,-2800
140737593212952,200000
1178599448,200000
641728536,-1000
637534296,-1000
638582856,-1000
35184476946456,200000
140737590067272,800
70368845889608,800
35184473800776,800
274978635800,200000
4399824920,200000
4395630680,200000
68820205640,-1000
4396679240,-1000
274978701336,200000
8694792216,200000
8690597976,200000
68820271176,-1000
8691646536,-2000
274978832408,200000
17284726808,200000
17280532568,200000
68820402248,-1000
17281581128,-2800
34460401768,200000
274979094568,200000
34464596008,200000
137540141128,-1000
34462498888,-2000
35184472752232,200000
140737589018728,200000
274978578472,200000
137539633224,200000
2248147048,200000
2250244168,-2800
2252341288,200000
1178599464,200000
639631432,-1000
140737593212968,200000
35184476946472,200000
140737591115848,-1000
70368846938184,-1000
70368844841064,200000
274978603048,200000
137539649608,-1000
4395630696,200000
274978635816,200000
4399824936,200000
137539682376,-1000
4397727816,-1000
8690597992,200000
274978701352,200000
8694792232,200000
137539747912,-1000
8692695112,-2000
17280532584,200000
274978832424,200000
17284726824,200000
137539878984,-1000
17282629704,-2800
137540665416,-1000
274980667416,200000
137543811096,200000
68820140136,200000
274978570296,800
137539616856,200000
274979618856,200000
68824334376,200000
68822237256,-1000
140737589543048,800
70368845365384,-1000
35184473276552,800
1174929544,-1000
638058632,0
34460467336,-2000
4396155016,800
8691122312,-1000
17281056904,-1000
549857525784,200000
68828528664,200000
68820140184,200000
2199115530504,-2800
1099603902984,-1000
1099612291464,800
8796193687688,-1000
17592286711944,-1000
4395696264,800
34460926088,-1000
68821188744,-1000
549858574376,200000
137548005416,200000
549860671560,200000
274986958920,-1000
369102984,-1000
1099620679944,-1000
2199132307976,-1000
4398096843144,800
549806146824,-2800
549839700744,-1000
4398105231624,-2800
2199107142024,-2000
140737589084296,800
70368844906632,-1000
35184472817800,800
1174470792,-1000
637599880,0
8690663560,-2000
17280598152,-2800
549857001496,200000
34468790296,200000
34460401816,200000
68820664456,-1000
34461450376,-2000
70368853229592,200000
35184481140760,200000
140737590067336,800
70368845889672,800
35184473800840,800
637534360,0
1182793752,200000
1175453832,-1000
1174405272,200000
645922840,-2800
638582920,0
140737589018776,200000
70368844841112,200000
35184472752280,200000
549856493592,200000
549856485400,200000
2256535576,200000
549856542744,200000
4404019224,200000
4395630744,200000
68820205704,-1000
4396679304,800
549856608280,200000
8698986520,200000
8690598040,200000
8691646600,-2000
549856739352,200000
17288921112,200000
17280532632,200000
17281581192,-2800
549857001512,200000
34468790312,200000
137540141192,800
549856485416,200000
549856493608,200000
70368853229608,200000
35184481140776,200000
2256535592,200000
1182793768,200000
549856542760,200000
4404019240,200000
137539682440,800
549856608296,200000
8698986536,200000
549856739368,200000
17288921128,200000
549858574360,200000
137548005400,200000
549856477240,800
137539616920,200000
549857525800,200000
68828528680,200000
137540665480,800
549857001544,-1000
34468790344,-2000
274979094664,-1000
549856485448,-1000
549856493640,200000
70368853229640,-1000
35184481140808,-1000
2256535624,-2800
645922888,-1000
549856542792,-1000
4404019272,-1000
274978635912,-1000
549856608328,-1000
8698986568,-2000
549856739400,-1000
17288921160,-2800
549860671512,200000
274986958872,200000
549856477272,200000
274978570392,200000
549857525832,800
68828528712,-1000
274979618952,800
549856477288,200000
549860671528,200000
274986958888,200000
549858574408,-1000
137548005448,-1000
34460418312,-1000
34460410120,-1000
140737572766216,-1000
70368828588552,-1000
35184456499720,-1000
34443641352,-1000
34443657736,200000
34460434696,200000
140737589543176,-1000
621281800,-2800
70368845365512,-1000
35184473276680,-1000
2248671496,-1000
2231894536,-2800
34443633160,-1000
1174929672,-1000
1158152712,-1000
638058760,-1000
34460467464,200000
34443690504,-1000
4379378184,-2800
34460533000,-1000
8691122440,-1000
34443756040,-1000
34460664072,-1000
17281057032,-1000
34443887112,-1000
17264280072,-1000
2199108190232,200000
68803363352,200000
4398098939944,200000
4398101037128,200000
68820140312,200000
549848089096,-1000
2199109238824,200000
274965987848,-1000
137524937224,-1000
2199111336008,200000
4398097891352,200000
1099613339672,200000
274978570568,-1000
549856477576,800
2199123919624,200000
4398147175688,-1000
8796193687816,-1000
17592286712072,-1000
140737589027080,-1000
35184472785160,200000
140737589035272,-1000
8690729224,-1000
17280794888,-1000
34460926216,-1000
68821188872,-1000
70368844873992,200000
70368844849416,-1000
35184472760584,-1000
70368844857608,-1000
35184472768776,-1000
140737589051656,200000
1099614388264,200000
274982764808,-1000
137541714184,-1000
1099616485448,200000
369103112,-1000
620765704,-2000
620773896,-1000
620790280,200000
549864866056,-1000
318772232,-2800
352326152,-1000
1174413576,-1000
1174438152,200000
1174421768,-1000
637550856,-1000
637567240,200000
1157636616,-1000
1157661192,200000
1157644808,-1000
637542664,-1000
68769809432,200000
2248155400,-1000
2248179976,200000
2231378440,-2800
2231403016,200000
2231386632,-2800
2248163592,-1000
137539617064,200000
137522840104,200000
274961793608,-1000
549839700616,-1000
1099595514632,200000
4398130398728,200000
8796176910856,200000
17592269935112,-1000
35184455983624,-1000
70368828080648,-1000
35184455991816,-1000
140737572274696,200000
140737572250120,-1000
35184456008200,200000
140737572258312,-1000
4378919432,-1000
17264017928,-1000
34444149256,-1000
68804411912,-1000
70368828097032,200000
70368828072456,-1000
137489286184,200000
274928239688,-1000
1099561960712,-2800
2199073588744,200000
8796143356936,200000
17592236381192,-2800
4378886664,-2800
70368844906760,200000
140737589084424,200000
620823048,-2800
35184472817928,200000
140737572307464,-1000
70368828129800,-1000
35184456040968,-1000
2248212744,200000
2231435784,-2800
1174470920,200000
1157693960,-1000
637600008,200000
4378862088,-2800
4378870280,-2800
8690614536,-2800
8690606344,-1000
8690630920,-2800
140737589149960,-1000
620888584,-2800
70368844972296,-1000
35184472883464,-1000
2248278280,-1000
2231501320,-2800
70368828195336,-1000
35184456106504,-1000
140737572373000,-1000
1174536456,-1000
1157759496,-1000
637665544,-1000
8690663688,200000
4378984968,-1000
17280549128,-2800
17280540936,-2800
140737572504072,-1000
70368828326408,-1000
35184456237576,-1000
17263772168,-2800
17263788552,200000
17280565512,200000
140737589281032,-1000
621019656,-2800
70368845103368,-1000
35184473014536,-1000
2248409352,-1000
2231632392,-2800
17263763976,-2800
1174667528,-1000
1157890568,-1000
637796616,0
17280598280,200000
17263821320,-2800
4379116040,-2800
17280663816,-1000
8690860296,-1000
17263886856,-1000
34443624984,200000
2199107665944,200000
34444673544,-1000
4398097367064,200000
1099612815384,200000
34460401944,200000
34410071064,200000
68820664584,-1000
34461450504,-1000
68803887624,-1000
2199107174424,200000
140737572241944,200000
70368829112840,800
35184457024008,800
68820148488,-1000
140737573290504,-1000
70368828064280,200000
68803396104,200000
2199107158040,200000
35184455975448,200000
68803379720,-1000
2199107149848,200000
35184472752408,200000
1099612299288,200000
140737589018904,200000
620757528,-2800
587203608,-2800
140737590067464,800
70368845889800,800
35184473800968,800
1174405400,200000
1158677000,-1000
1175453960,-1000
1157628440,200000
637534488,-1000
621806088,-2800
1124074520,200000
638583048,-1000
70368844841240,200000
1099612323864,200000
68820173064,200000
1099612307480,200000
68820156680,-1000
2248147224,200000
140737538688024,200000
68803371528,-1000
4398096875544,200000
70368794510360,200000
35184422421528,200000
4398096859160,200000
4398096850968,200000
2249195784,-1000
2231370264,200000
2232418824,-2800
2199107207192,200000
4378853912,200000
4398096908312,200000
4345299992,200000
68820205832,200000
68803428872,-1000
4379902472,-2800
1099612422168,200000
8690598168,200000
4398096973848,200000
8640267288,200000
68820271368,-1000
8691646728,-2000
68803494408,-1000
2199107403800,200000
17263755800,200000
17280532760,200000
1099612553240,200000
68820402440,-1000
17281581320,-2800
68803625480,-1000
17264804360,-2800
34443625000,200000
34460401960,200000
34410071080,200000
4398097367080,200000
2199107665960,200000
34445722120,-1000
1099612815400,200000
137540141320,-1000
34462499080,-1000
137523364360,-1000
35184472752424,200000
35184455975464,200000
70368844841256,200000
140737589018920,200000
1099612323880,200000
137539649800,200000
1099612307496,200000
137539633416,-1000
1099612299304,200000
2248147240,200000
140737538688040,200000
4398096875560,200000
70368794510376,200000
35184422421544,200000
4398096859176,200000
4398096850984,200000
2250244360,-1000
2231370280,200000
2233467400,-2800
2199107149864,200000
70368828064296,200000
137522872840,200000
2199107174440,200000
2199107158056,200000
137522856456,-1000
1174405416,200000
1159725576,-1000
1176502536,-1000
1157628456,200000
1124074536,200000
639631624,-1000
622854664,-2800
140737591116040,-1000
70368846938376,-1000
140737572241960,200000
70368830161416,-1000
140737574339080,-1000
4378853928,200000
4345300008,200000
4398096908328,200000
2199107207208,200000
137539682568,200000
137522905608,-1000
4380951048,-2800
8690598184,200000
8640267304,200000
4398096973864,200000
1099612422184,200000
137539748104,-1000
8692695304,-2800
137522971144,-1000
17280532776,200000
17263755816,200000
2199107403816,200000
1099612553256,200000
137539879176,-1000
17282629896,-2800
137523102216,-1000
17265852936,-2800
2199107141688,-2000
2199109238808,200000
68805460488,-1000
2199108190248,200000
137523888648,-1000
137522840088,200000
68803363368,200000
4398098939928,200000
4398096842808,800
4398097891368,200000
137489286168,200000
68769809448,200000
1099614388248,200000
68822237448,-1000
1099613339688,200000
137540665608,-1000
1099612291128,800
137539617048,200000
68820140328,200000
34443625032,-1000
34460401992,-1000
34410071112,-1000
4398097367112,-1000
2199107665992,-2000
34447819272,-1000
1099612815432,-1000
274979094792,-1000
34464596232,-1000
274962317832,-1000
2199107174472,-2000
1099612307528,200000
70368844841288,-1000
274978603272,200000
140737589018952,-1000
35184476946696,-1000
1099612323912,-1000
35184472752456,-1000
1099612299336,-1000
2248147272,-1000
140737538688072,-3800
4398096875592,-1000
70368794510408,-1000
35184422421576,-1000
4398096859208,200000
4398096851016,-1000
2252341512,-1000
2231370312,-2800
2235564552,-2800
35184455975496,-1000
2199107158088,200000
2199107149896,-2000
274961801736,-1000
637534536,-1000
624951816,-1000
1178599688,-1000
1161822728,-1000
641728776,-1000
620757576,-1000
587203656,-2800
140737593213192,-1000
140737572241992,-1000
35184460169736,-1000
274978578696,-1000
140737576436232,-1000
70368828064328,-1000
274961826312,200000
4378853960,-2800
4345300040,-100000
4398096908360,-1000
2199107207240,-2000
274978636040,200000
274961859080,-1000
4383048200,-2800
8690598216,-2000
8640267336,-3800
4398096973896,-1000
1099612422216,-1000
274978701576,-1000
8694792456,-2800
274961924616,-1000
17280532808,-2800
17263755848,-2800
2199107403848,-2000
1099612553288,-1000
274978832648,-1000
17284727048,-2800
274962055688,-1000
17267950088,-2800
2199107141720,200000
274978570520,200000
2199111335960,200000
2199108190280,-2000
68807557640,-1000
274962842120,800
68820140360,-1000
1099612291160,200000
274979619080,800
274961793560,200000
68803363400,-1000
4398101037080,200000
4398096842840,200000
4398097891400,-1000
274928239640,200000
68769809480,-1000
1099616485400,200000
68824334600,-1000
1099613339720,-1000
2199107141736,200000
4398096842856,200000
1099612291176,200000
274980667656,-1000
274978570536,200000
274961793576,200000
274928239656,200000
137489286216,-1000
4398101037096,200000
4398098939976,-1000
137522840136,-1000
2199111335976,200000
2199109238856,-2000
137527034376,-1000
274963890696,-1000
137539617096,-1000
1099616485416,200000
137543811336,-1000
1099614388296,-1000
34460402056,-1000
4398097367176,800
2199107666056,-2000
1099612815496,800
549857001736,-1000
34468790536,-1000
549840224776,-1000
34452013576,-1000
70368844841352,-1000
140737589019016,800
70368853229832,-1000
35184481141000,-1000
35184472752520,800
549856493832,-1000
549856485640,-1000
70368836452872,-1000
35184464364040,-1000
1174405512,-1000
1166017032,-1000
1182793992,-1000
1157628552,-1000
637534600,0
629146120,-2800
645923080,-1000
620757640,-2800
140737572242056,-1000
70368828064392,-1000
549839716872,-1000
35184455975560,800
2199107149960,-2000
549839708680,-1000
4398096851080,800
2256535816,-1000
2239758856,-2800
4398096908424,800
2199107207304,-2000
549856542984,200000
549839766024,-1000
4387242504,-1000
8690598280,-2000
4398096973960,800
549856608520,-1000
8698986760,-2800
549839831560,-1000
17280532872,-2800
17263755912,-2800
549856739592,-1000
17288921352,-2800
549839962632,-1000
17272144392,-2800
2199115530264,200000
549839700504,200000
2199107141784,200000
2199108190344,-2000
68811751944,-1000
549840749064,-1000
4398105231384,200000
4398097891464,800
4398096842904,200000
549806146584,200000
1099620679704,200000
68828528904,-1000
1099613339784,800
549857526024,800
1099612291224,200000
549856477464,200000
68820140424,-1000
2199107141800,200000
4398096842920,200000
549856477480,200000
549839700520,200000
549806146600,200000
4398105231400,200000
4398098940040,800
137522840200,800
2199115530280,200000
2199109238920,-2000
137531228680,-1000
549841797640,-1000
1099620679720,200000
549858574600,-1000
137548005640,-1000
137539617160,800
2199115530312,-2000
549839700552,-1000
549856477512,-1000
549806146632,-3800
4398105231432,-1000
549843894792,-1000
274970182152,-1000
1099620679752,-1000
274978570632,-1000
274961793672,-1000
549860671752,-1000
274986959112,-1000
8796143354632,200000
8796176909576,-1000
2199073589512,-2800
4398130399496,-1000
8796193687048,200000
1099561961992,200000
4398147176968,200000
1099595516936,200000
2199123921928,200000
140737538689544,200000
70368794511880,200000
35184422423048,200000
1124076040,200000
620760072,200000
1157630984,200000
587205128,200000
8796143362568,-2800
2231372808,200000
8796143370760,-2800
8796143387144,200000
140737572244488,200000
70368828066824,200000
35184455977992,200000
4345301512,200000
8796143419912,-2800
4378856456,200000
8796143485448,-2800
8673823752,-2800
17230203400,-2800
8796143616520,-2800
8796176909336,200000
4398130399256,200000
8796143354392,200000
2199073589272,200000
68769810952,200000
8796144402952,-2800
68803365896,200000
8796176909352,200000
4398130399272,200000
8796143354408,200000
2199073589288,200000
137489287688,200000
8796145451528,-2800
137522842632,200000
8796143354440,-1000
8796176909384,-1000
2199073589320,-3800
4398130399304,-1000
274928241160,200000
8796147548680,-2800
274961796104,200000
8796143354504,800
2199073589384,-2000
4398130399368,-1000
549806148104,200000
8796151742984,-2800
549839703048,200000
140737538689288,-2800
70368794511624,-2800
35184422422792,-2800
1124075784,-2800
637537288,200000
1174408200,200000
587204872,0
8796143362312,-2800
2248150024,200000
8796143370504,-2800
8796143386888,200000
140737589021704,200000
70368844844040,200000
35184472755208,200000
8796143419656,-2800
4395633672,200000
8640268552,-2800
8796143485192,-2800
8690600968,-1000
17230203144,-2800
8796143616264,-2800
8796193686552,200000
4398147176472,200000
8796143354136,200000
1099561961496,200000
68769810696,-2800
8796144402696,-2800
68820143112,200000
8796193686568,200000
4398147176488,200000
8796143354152,200000
1099561961512,200000
137489287432,-2800
8796145451272,-2800
137539619848,200000
8796143354184,-1000
8796193686600,-1000
1099561961544,-100000
4398147176520,-1000
274928240904,-2800
8796147548424,-2800
274978573320,200000
8796143354248,800
1099561961608,-2800
4398147176584,-1000
549806147848,-2800
8796151742728,-2800
549856480264,200000
8796144402456,200000
137489287208,200000
68769810456,200000
8796145451048,200000
274928240712,-1000
8796147548232,200000
549806147720,-1000
8796193686792,-1000
4398147176712,-1000
8796176909832,200000
1099612294152,200000
4398130399752,200000
2199107144712,200000
1099561961736,-2800
2199073589768,200000
4398096845832,200000
8796143386648,200000
1124075544,200000
587204632,-2800
140737538689048,200000
70368794511384,200000
35184422422552,200000
8796143362072,200000
8796143370264,200000
8796143419416,200000
4345301016,200000
8796143484952,200000
8640268312,200000
8796143616024,200000
17230202904,200000
140737538689064,200000
8796143386664,200000
1124075560,200000
70368794511400,200000
35184422422568,200000
8796143362088,200000
8796143370280,200000
4345301032,200000
8796143419432,200000
8640268328,200000
8796143484968,200000
17230202920,200000
8796143616040,200000
8796145451032,200000
8796143353912,800
137489287192,200000
68769810472,200000
8796144402472,200000
8796143386696,-1000
70368794511432,-1000
140737538689096,-3800
35184422422600,-1000
587204680,-2800
8796143362120,-1000
8796143370312,200000
4345301064,-100000
8796143419464,-1000
8640268360,-3800
8796143485000,-1000
17230202952,-1000
8796143616072,-1000
8796147548184,200000
8796143353944,200000
274928240664,200000
68769810504,-1000
8796144402504,-1000
8796143353960,200000
274928240680,200000
8796147548200,200000
137489287240,-1000
8796145451080,-1000
70368794511496,-1000
140737538689160,-2000
35184422422664,800
1124075656,-1000
587204744,0
8796143362184,800
4345301128,-2800
8796143419528,800
8640268424,-2000
8796143485064,800
17230203016,800
8796151742488,200000
8796143354008,200000
549806147608,200000
68769810568,-1000
8796144402568,800
8796143354024,200000
549806147624,200000
8796151742504,200000
137489287304,800
8796145451144,800
549806147656,-3800
8796151742536,-1000
274928240776,-1000
70368828066056,-1000
140737572243720,-1000
140737589021192,200000
8796193718792,200000
70368844843528,200000
35184472754696,200000
8796193702408,-1000
8796193694216,-1000
35184455977224,-1000
2231372040,-2800
2248149512,200000
1157630216,-1000
637536776,200000
1174407688,200000
620759304,-2000
8796176916744,-2000
8796176924936,-2000
8796176941320,200000
8796176974088,-1000
4395633160,200000
8796193751560,-1000
8673822984,-2800
8796177039624,-1000
8796193817096,-1000
17263757576,-2800
8796177170696,-1000
17280535048,-2800
8796193948168,-1000
8796193686040,200000
2199123920920,200000
8796176908568,200000
1099595515928,200000
68803365128,-1000
8796177957128,-2000
68820142600,200000
8796194734600,-1000
8796193686056,200000
2199123920936,200000
8796176908584,200000
1099595515944,200000
137522841864,-1000
8796179005704,-2800
137539619336,200000
8796195783176,-1000
8796176908616,-2000
8796193686088,-1000
1099595515976,-2800
2199123920968,-1000
274961795336,-1000
8796181102856,-2800
274978572808,200000
8796197880328,-1000
8796176908680,-2000
1099595516040,-2800
2199123921032,-1000
549839702280,-1000
8796185297160,-2800
549856479752,200000
8796202074632,-1000
8796177956888,200000
137522841640,200000
68803364888,200000
8796143355400,200000
4398096845320,200000
2199073590280,200000
8796179005480,200000
274961795144,-1000
8796181102664,200000
549839702152,-2000
8796193686280,200000
2199123921160,-1000
1099612293640,200000
1099595516168,-1000
2199107144200,200000
4398130400264,200000
8796176924696,200000
35184455976984,200000
1157629976,200000
620759064,-2000
8796176916504,200000
70368828065816,200000
8796176941080,200000
140737572243480,200000
2231371800,200000
8796176973848,200000
4378855448,200000
8796177039384,200000
8673822744,200000
8796177170456,200000
17263757336,200000
70368828065832,200000
1157629992,200000
2231371816,200000
140737572243496,200000
8796176941096,200000
35184455977000,200000
8796176916520,200000
8796176924712,200000
4378855464,200000
8796176973864,200000
8673822760,200000
8796177039400,200000
17263757352,200000
8796177170472,200000
8796179005464,200000
8796176908344,-1000
137522841624,200000
68803364904,200000
8796177956904,200000
8796176941128,-2000
70368828065864,-1000
140737572243528,-2000
35184455977032,-1000
8796176924744,200000
2231371848,-2800
620759112,-1000
8796176916552,-2000
4378855496,-2800
8796176973896,-1000
8673822792,-2000
8796177039432,-1000
17263757384,-2800
8796177170504,-1000
8796181102616,200000
8796176908376,200000
274961795096,200000
68803364936,-1000
8796177956936,-2000
8796176908392,200000
274961795112,200000
8796181102632,200000
137522841672,-1000
8796179005512,-2000
140737572243592,-2000
70368828065928,-1000
35184455977096,800
1157630088,-1000
620759176,-2800
4378855560,-2800
8796176973960,-1000
8673822856,-2000
17263757448,-2800
8796185296920,200000
8796176908440,200000
549839702040,200000
68803365000,-1000
8796177957000,-2000
549839702056,200000
8796185296936,200000
137522841736,800
549839702088,-2000
8796185296968,-2000
274961795208,-1000
137539618856,200000
8796194734104,200000
68820142104,200000
8796195782696,200000
274978572360,-1000
8796197879880,200000
549856479368,800
1099612293384,-1000
2199123921416,200000
4398147177480,200000
8796176909064,200000
8796143355144,-2800
2199107143944,-2000
1099595516424,200000
4398096845064,-2800
1099561962504,200000
70368844843032,200000
35184472754200,200000
140737589020696,200000
8796193718296,200000
8796193693720,200000
8796193701912,200000
1174407192,200000
637536280,-2800
2248149016,200000
8796193751064,200000
4395632664,200000
8796193816600,200000
8690599960,200000
8796193947672,200000
17280534552,200000
8796193718312,200000
1174407208,200000
2248149032,200000
140737589020712,200000
70368844843048,200000
35184472754216,200000
8796193693736,200000
8796193701928,200000
4395632680,200000
8796193751080,200000
8690599976,200000
8796193816616,200000
17280534568,200000
8796193947688,200000
8796195782680,200000
8796193685560,-1000
137539618840,200000
68820142120,200000
8796194734120,200000
8796193718344,-2000
70368844843080,-1000
140737589020744,-1000
35184472754248,-1000
8796193701960,200000
2248149064,-2800
637536328,-1000
8796193693768,-2000
4395632712,-1000
8796193751112,-1000
8690600008,-1000
8796193816648,-1000
17280534600,-2800
8796193947720,-1000
8796197879832,200000
8796193685592,200000
274978572312,200000
68820142152,-1000
8796194734152,-2000
8796193685608,200000
274978572328,200000
8796197879848,200000
137539618888,-1000
8796195782728,-2000
140737589020808,800
70368844843144,-1000
35184472754312,800
1174407304,-1000
637536392,0
4395632776,800
8796193751176,-1000
8690600072,-1000
17280534664,-2800
8796202074136,200000
8796193685656,200000
549856479256,200000
68820142216,-1000
8796194734216,-2000
549856479272,200000
8796202074152,200000
137539618952,800
549856479304,-1000
8796202074184,-1000
274978572424,-1000
70368844843272,-1000
140737589020936,-1000
620759560,200000
587205640,200000
35184472754440,-1000
2248149256,-1000
2231372296,200000
35184455977480,200000
8796176925192,-1000
8796176917000,-1000
140737538690056,200000
70368794512392,200000
35184422423560,200000
140737572243976,200000
8796176941576,200000
70368828066312,200000
1174407432,-1000
1157630472,200000
1124076552,200000
637536520,-1000
8796193693960,-2800
8796193702152,-2800
8796193718536,200000
8796193751304,200000
4378855944,200000
8796176974344,-1000
4345302024,200000
8690600200,-1000
8796193816840,-1000
8796177039880,-1000
8640269320,-5600
17280534792,-2800
8796193947912,-1000
17263757832,-2800
8796177170952,-1000
2199107143704,200000
1099612293144,200000
8796176908824,200000
8796193685784,200000
8796143354904,200000
4398096844824,200000
68769811464,200000
68820142344,-1000
8796177957384,-1000
8796194734344,-2000
68803365384,200000
8796176908840,200000
8796193685800,200000
1099612293160,200000
2199107143720,200000
8796143354920,200000
4398096844840,200000
137489288200,200000
137539619080,-1000
8796179005960,-1000
8796195782920,-2800
137522842120,200000
8796176908872,-1000
8796193685832,-2000
8796143354952,-1000
4398096844872,-1000
274928241672,200000
2199107143752,-2000
1099612293192,-1000
274978572552,-1000
8796181103112,-1000
8796197880072,-2800
274961795592,200000
2199107143816,-2000
8796193685896,-2000
4398096844936,800
1099612293256,800
549856479496,-1000
8796202074376,-1000
549839702536,200000
8796185297416,-1000
549806148616,200000
17592269931784,-1000
17592236376840,200000
318767880,200000
352322824,-1000
2199073591560,-2800
4398130401544,-2800
1099595518984,-2800
17592286709256,200000
4398147179016,-1000
2199123923976,-1000
369100296,200000
1099561964040,-100000
34410074632,-2800
17592236900872,-2800
319291912,-2800
34443629576,-1000
318775816,-2800
70368794513928,-2800
140737538691592,-5600
140737572246536,-2000
70368828068872,800
35184455980040,-1000
17592236409352,200000
35184422425096,-2800
1124078088,-2800
620762120,-2000
1157633032,-1000
587207176,-2800
17592236384776,-2800
2231374856,-2800
17592236392968,-2800
318784008,-2800
318800392,200000
4345303560,-100000
17592236442120,-2800
318833160,-2800
4378858504,-2800
17592236507656,-2800
318898696,-2800
8673825800,-2000
17230205448,-2800
17592236638728,-2800
319029768,-2800
4398130401304,200000
17592269931544,200000
17592236376600,200000
2199073591320,200000
319816200,-2800
4398130401320,200000
17592269931560,200000
17592236376616,200000
2199073591336,200000
352322600,-1000
318767656,-1000
137489289736,-2800
17592238473736,-2800
137522844680,800
320864776,-2800
4398130401352,-2800
17592236376648,-1000
2199073591368,-3800
352322632,-1000
318767688,-1000
17592269931592,-1000
274928243208,-2800
17592240570888,-2800
274961798152,800
322961928,-2800
17592236376712,-1000
318767752,-1000
2199073591432,-2000
4398130401416,-2800
549806150152,-2800
17592244765192,-2800
327156232,-2800
549839705096,-1000
34410074376,-2800
17592236900616,-2800
319291656,-2800
34460406792,-1000
318775560,-2800
70368794513672,-2800
140737538691336,-2800
140737589023752,800
70368844846088,800
35184472757256,-1000
17592236409096,200000
35184422424840,-2800
1124077832,-2800
637539336,0
1174410248,-1000
587206920,0
17592236384520,-2800
2248152072,-2800
17592236392712,-2800
318783752,-2800
318800136,200000
17592236441864,-2800
318832904,-2800
4395635720,-2000
8640270600,-2800
17592236507400,-2800
318898440,-2800
8690603016,-1000
17230205192,-2800
17592236638472,-2800
319029512,-2800
4398147178520,200000
17592286708760,200000
17592236376344,200000
1099561963544,200000
319815944,-2800
4398147178536,200000
17592286708776,200000
17592236376360,200000
1099561963560,200000
369099816,-1000
318767400,-1000
137489289480,-2800
17592238473480,-2800
137539621896,800
320864520,-2800
4398147178568,-2800
17592236376392,-1000
1099561963592,-100000
369099848,-1000
318767432,-1000
17592286708808,-1000
274928242952,-2800
17592240570632,-2800
274978575368,800
322961672,-2800
17592236376456,-1000
318767496,-1000
1099561963656,-2800
4398147178632,-2800
549806149896,-2800
17592244764936,-2800
327155976,-2800
549856482312,800
17592240570440,200000
17592238473256,200000
2199073591816,-5600
4398096847880,-2800
320864296,-1000
17592286709000,-1000
4398147178760,-2800
17592269932040,200000
1099612296200,-2000
4398130401800,-1000
2199107146760,-2000
322961480,200000
369100040,-1000
352323080,200000
137489289256,200000
274928242760,-1000
549806149768,-2000
1099561963784,-2800
17592236900376,200000
34410074136,200000
587206680,200000
1124077592,200000
70368794513432,200000
17592236392472,200000
140737538691096,200000
17592236408856,200000
35184422424600,200000
17592236384280,200000
17592236441624,200000
4345303064,200000
17592236507160,200000
8640270360,200000
17592236638232,200000
17230204952,200000
34410074152,200000
17592236900392,200000
319291432,-1000
318783528,-1000
1124077608,200000
318775336,-1000
318799912,-1000
70368794513448,200000
17592236392488,200000
140737538691112,200000
17592236408872,200000
35184422424616,200000
17592236384296,200000
4345303080,200000
318832680,-1000
17592236441640,200000
8640270376,200000
17592236507176,200000
318898216,-1000
17230204968,200000
17592236638248,200000
319029288,-1000
17592238473240,200000
17592236376120,-1000
137489289240,200000
319815720,-1000
34410074184,-1000
17592236900424,-1000
319291464,-1000
140737538691144,-3800
587206728,-2800
318775368,-1000
318783560,200000
318799944,-1000
17592236408904,-1000
70368794513480,-1000
35184422424648,-1000
17592236392520,200000
17592236384328,-1000
4345303112,-100000
17592236441672,-1000
318832712,-1000
8640270408,-3800
17592236507208,-1000
318898248,-1000
17230205000,-1000
17592236638280,-1000
319029320,-1000
319815752,-1000
17592240570392,200000
17592236376152,200000
274928242712,200000
17592238473288,-1000
17592240570408,200000
17592236376168,200000
318767208,200000
320864328,-1000
322961448,-1000
274928242728,200000
137489289288,-1000
34410074248,800
17592236900488,-1000
319291528,-1000
587206792,0
1124077704,-1000
318775432,-1000
35184422424712,800
17592236384392,-1000
140737538691208,-2000
70368794513544,-1000
4345303176,-2800
17592236441736,-1000
318832776,-1000
8640270472,-2000
17592236507272,-1000
318898312,-1000
17230205064,800
17592244764696,200000
17592236376216,200000
549806149656,200000
319815816,-1000
17592244764712,200000
17592236376232,200000
549806149672,200000
137489289352,800
327155752,-1000
318767272,200000
17592238473352,-1000
320864392,-1000
549806149704,-3800
17592244764744,-1000
327155784,-1000
274928242824,-1000
34443628808,-1000
17592270455048,-1000
352846088,-1000
34460406280,-1000
17592287232520,-1000
369623560,-1000
70368828068104,800
140737572245768,-1000
140737589023240,800
17592286741000,200000
70368844845576,800
35184472756744,-1000
17592286724616,-1000
17592286716424,-1000
17592269963528,200000
35184455979272,-1000
2231374088,-2800
2248151560,-2800
1157632264,-1000
637538824,-2800
1174409736,-1000
620761352,-2800
17592269938952,-1000
352329992,-1000
352338184,-1000
352354568,200000
369107464,-1000
369115656,-1000
369132040,200000
17592269947144,-1000
17592269996296,-1000
352387336,-1000
4395635208,-2000
17592286773768,-1000
369164808,-1000
8673825032,-2000
17592270061832,-1000
352452872,-1000
17592286839304,-1000
369230344,-1000
17263759624,-2800
17592270192904,-1000
352583944,-1000
17280537096,-2800
17592286970376,-1000
369361416,-1000
2199123922968,200000
17592269930776,200000
1099595517976,200000
17592286708248,200000
353370376,-1000
370147848,-1000
2199123922984,200000
17592286708264,200000
17592288805384,-1000
17592269930792,200000
1099595517992,200000
369099304,-1000
371196424,-1000
352321832,-1000
137522843912,800
17592272027912,-1000
137539621384,800
354418952,-1000
2199123923016,-2000
17592286708296,-1000
17592290902536,-1000
17592269930824,-1000
1099595518024,-2800
369099336,-1000
373293576,-1000
352321864,-1000
274961797384,800
17592274125064,-1000
274978574856,800
356516104,-1000
2199123923080,-2000
17592269930888,-1000
352321928,-1000
1099595518088,-2800
549839704328,-1000
17592278319368,-1000
360710408,-1000
377487880,-1000
549856481800,800
17592295096840,-1000
17592272027688,200000
274961797192,800
137522843688,200000
17592236377608,200000
4398096847368,-2800
2199073592328,-5600
549839704200,-2000
1099595518216,-1000
2199107146248,-2000
4398130402312,-1000
17592274124872,200000
1099612295688,-1000
17592286708488,200000
318768648,200000
2199123923208,-2000
354418728,-1000
356515912,200000
369099528,200000
17592270454808,200000
34443628568,200000
17592269963288,200000
1157632024,200000
620761112,200000
140737572245528,200000
35184455979032,200000
17592269938712,200000
70368828067864,200000
17592269946904,200000
2231373848,200000
17592269996056,200000
4378857496,200000
17592270061592,200000
8673824792,200000
17592270192664,200000
17263759384,200000
34443628584,200000
352845864,-1000
17592270454824,200000
352329768,-1000
17592269946920,200000
352337960,-1000
352354344,-1000
1157632040,200000
70368828067880,200000
140737572245544,200000
17592269963304,200000
35184455979048,200000
17592269938728,200000
4378857512,200000
352387112,-1000
17592269996072,200000
8673824808,200000
352452648,-1000
17592270061608,200000
17263759400,200000
352583720,-1000
17592270192680,200000
17592269930552,-1000
137522843672,200000
17592272027672,200000
353370152,-1000
34443628616,-2000
352845896,-1000
17592270454856,-1000
17592269963336,-1000
140737572245576,-2000
70368828067912,800
35184455979080,-1000
17592269946952,200000
17592269938760,-1000
620761160,-1000
352329800,-1000
352337992,200000
352354376,-1000
2231373896,-2800
4378857544,-2800
352387144,-1000
17592269996104,-1000
8673824840,-2000
352452680,-1000
17592270061640,-1000
17263759432,-2800
352583752,-1000
17592270192712,-1000
17592269930584,200000
274961797144,200000
17592274124824,200000
353370184,-1000
352321640,200000
17592269930600,200000
354418760,-1000
356515880,-1000
17592274124840,200000
17592272027720,-1000
274961797160,200000
137522843720,800
34443628680,-2000
17592270454920,-1000
352845960,-1000
1157632136,-1000
620761224,-1000
35184455979144,800
140737572245640,-2000
70368828067976,800
4378857608,-2800
17592269996168,-1000
352387208,-1000
8673824904,-2000
17263759496,-2800
17592278319128,200000
17592269930648,200000
549839704088,200000
353370248,-1000
360710184,-1000
549839704104,200000
137522843784,800
17592278319144,200000
549839704136,-2000
17592278319176,-1000
274961797256,800
360710216,-1000
17592290902088,200000
274978574408,800
137539620904,200000
17592269931272,200000
17592236377352,-2800
2199107145992,-2000
1099595518472,-1000
4398096847112,-2800
1099561964552,-100000
549856481416,800
371195944,-1000
352322312,200000
318768392,-2800
373293128,200000
17592288804904,200000
2199123923464,-1000
4398147179528,-1000
1099612295432,-1000
17592287232024,200000
34460405784,200000
70368844845080,200000
17592286724120,200000
140737589022744,200000
17592286740504,200000
35184472756248,200000
17592286715928,200000
637538328,200000
1174409240,200000
2248151064,200000
17592286773272,200000
4395634712,200000
17592286838808,200000
8690602008,200000
17592286969880,200000
17280536600,200000
34460405800,200000
369623080,-1000
17592287232040,200000
369106984,-1000
70368844845096,200000
369115176,-1000
369131560,-1000
1174409256,200000
2248151080,200000
17592286724136,200000
140737589022760,200000
17592286740520,200000
35184472756264,200000
17592286715944,200000
4395634728,200000
369164328,-1000
17592286773288,200000
8690602024,200000
369229864,-1000
17592286838824,200000
17280536616,200000
369360936,-1000
17592286969896,200000
17592286707768,-1000
137539620888,200000
370147368,-1000
17592288804888,200000
34460405832,-2000
369623112,-1000
17592287232072,-1000
140737589022792,800
637538376,-1000
369107016,-1000
369115208,200000
369131592,-1000
2248151112,-2800
35184472756296,-1000
17592286724168,200000
17592286715976,-1000
17592286740552,-1000
70368844845128,800
4395634760,-1000
369164360,-1000
17592286773320,-1000
8690602056,-1000
369229896,-1000
17592286838856,-1000
17280536648,-2800
369360968,-1000
17592286969928,-1000
17592286707800,200000
274978574360,200000
370147400,-1000
17592290902040,200000
17592286707816,200000
137539620936,800
369098856,200000
371195976,-1000
373293096,-1000
17592290902056,200000
17592288804936,-1000
274978574376,200000
34460405896,-2000
17592287232136,-1000
369623176,-1000
35184472756360,800
140737589022856,800
70368844845192,800
1174409352,-1000
637538440,0
4395634824,800
17592286773384,-1000
369164424,-1000
8690602120,-1000
17280536712,-2800
17592295096344,200000
17592286707864,200000
549856481304,200000
370147464,-1000
549856481320,200000
17592295096360,200000
137539621000,800
377487400,-1000
549856481352,800
17592295096392,-1000
274978574472,800
377487432,-1000
34460406024,-1000
17592287232264,-1000
369623304,-1000
34443629064,-1000
17592270455304,-1000
352846344,-1000
34410075144,-2800
70368844845320,800
140737589022984,800
352330248,-1000
352338440,-1000
352354824,200000
17592286740744,200000
35184472756488,-1000
2248151304,-1000
2231374344,-2800
35184455979528,-1000
17592269947400,-1000
17592269939208,-1000
140737538692104,-5600
70368794514440,-2800
35184422425608,-2800
140737572246024,-1000
17592269963784,200000
70368828068360,800
1174409480,-1000
1157632520,-1000
1124078600,-2800
637538568,-1000
17592286716168,-1000
369107208,-1000
369115400,-1000
369131784,200000
620761608,-2000
587207688,-2800
17592286724360,-1000
17592286773512,200000
369164552,200000
4378857992,-2800
17592269996552,-1000
352387592,-1000
4345304072,-100000
8690602248,-1000
17592286839048,-1000
369230088,-1000
17592270062088,-1000
352453128,-1000
8640271368,-5600
17280536840,-2800
17592286970120,-1000
369361160,-1000
17263759880,-2800
17592270193160,-1000
352584200,-1000
1099612295192,200000
17592269931032,200000
2199107145752,200000
17592286707992,200000
17592236377112,200000
4398096846872,200000
370147592,-1000
353370632,-1000
1099612295208,200000
17592286708008,200000
17592288805128,-1000
352322088,-1000
354419208,-1000
318768168,-1000
17592236377128,200000
4398096846888,200000
137489290248,-2800
17592269931048,200000
137539621128,800
17592272028168,-1000
2199107145768,200000
137522844168,800
369099048,-1000
371196168,-1000
1099612295240,-1000
318768200,-1000
17592286708040,-1000
17592290902280,-1000
352322120,-1000
356516360,-1000
2199107145800,-2000
17592236377160,-1000
274961797640,800
4398096846920,-1000
274928243720,-2800
17592269931080,-1000
274978574600,800
17592274125320,-1000
369099080,-1000
373293320,-1000
17592286708104,-1000
369099144,-1000
1099612295304,800
4398096846984,800
549806150664,-5600
2199107145864,-2000
549856481544,800
17592278319624,-1000
17592295096584,-1000
360710664,-1000
377487624,-1000
549839704584,-1000
17592236378632,200000
318769672,200000
8796143358472,-2800
17592269933576,200000
352324616,200000
8796176913416,-1000
17592236378376,-2800
318769416,-2800
8796143358216,-2800
17592286710792,200000
369101832,200000
8796193690632,-1000
17592236378136,200000
8796143357976,200000
17592236378152,200000
318769192,-1000
8796143357992,200000
17592236378184,-1000
318769224,-1000
8796143358024,-1000
17592236378248,-1000
318769288,-1000
8796143358088,800
17592269932808,-1000
352323848,-1000
8796176912648,-2000
17592286710280,200000
369101320,200000
8796193690120,-1000
17592269932568,200000
8796176912408,200000
352323624,-1000
17592269932584,200000
8796176912424,200000
17592269932616,-1000
352323656,-1000
8796176912456,-2000
17592269932680,-1000
352323720,-1000
8796176912520,-2000
17592286709784,200000
8796193689624,200000
369100840,-1000
17592286709800,200000
8796193689640,200000
17592286709832,-1000
369100872,-1000
8796193689672,-2000
17592286709896,-1000
369100936,-1000
8796193689736,-2000
17592286710024,-1000
369101064,-1000
8796193689864,-2000
17592269933064,200000
352324104,200000
8796176912904,-1000
17592236379144,200000
318770184,200000
8796143358984,-2800
